446.196204 -0.431799 0.436089
446.206204 -0.431795 0.436090
446.216204 -0.431802 0.436089
446.226204 -0.431820 0.436088
446.236204 -0.431849 0.436085
446.246204 -0.431890 0.436081
446.256203 -0.431942 0.436076
446.266203 -0.432005 0.436070
446.276203 -0.432080 0.436063
446.286203 -0.432165 0.436054
446.296202 -0.432262 0.436045
446.306201 -0.432370 0.436035
446.316201 -0.432490 0.436023
446.326200 -0.432620 0.436010
446.336199 -0.432762 0.435997
446.346198 -0.432915 0.435981
446.356196 -0.433079 0.435966
446.366195 -0.433254 0.435948
446.376193 -0.433441 0.435930
446.386191 -0.433639 0.435912
446.396189 -0.433847 0.435891
446.406187 -0.434068 0.435870
446.416184 -0.434298 0.435849
446.426181 -0.434540 0.435824
446.436178 -0.434793 0.435801
446.446174 -0.435058 0.435774
446.456170 -0.435333 0.435750
446.466166 -0.435619 0.435720
446.476162 -0.435917 0.435694
446.486157 -0.436225 0.435662
446.496152 -0.436544 0.435635
446.506147 -0.436874 0.435600
446.516141 -0.437215 0.435571
446.526135 -0.437567 0.435534
446.536128 -0.437930 0.435504
446.546121 -0.438303 0.435465
446.556114 -0.438688 0.435433
446.566106 -0.439083 0.435391
446.576098 -0.439488 0.435358
446.586089 -0.439905 0.435319
446.596080 -0.440332 0.435275
446.606070 -0.440771 0.435239
446.616060 -0.441219 0.435192
446.626050 -0.441677 0.435156
446.636039 -0.442148 0.435113
446.646027 -0.442627 0.435069
446.656015 -0.443118 0.435018
446.666003 -0.443618 0.434979
446.675989 -0.444131 0.434932
446.685976 -0.444652 0.434886
446.695962 -0.445183 0.434830
446.705947 -0.445725 0.434789
446.715932 -0.446278 0.434740
446.725916 -0.446842 0.434690
446.735899 -0.447414 0.434640
446.745882 -0.447997 0.434588
446.755865 -0.448590 0.434527
446.765847 -0.449192 0.434484
446.775828 -0.449805 0.434431
446.785808 -0.450428 0.434377
446.795788 -0.451061 0.434322
446.805768 -0.451703 0.434267
446.815746 -0.452356 0.434211
446.825725 -0.453018 0.434155
446.835702 -0.453689 0.434099
446.845679 -0.454371 0.434054
446.855655 -0.455062 0.433984
446.865630 -0.455763 0.433926
446.875605 -0.456473 0.433867
446.885579 -0.457190 0.433808
446.895553 -0.457919 0.433748
446.905525 -0.458658 0.433703
446.915497 -0.459405 0.433628
446.925469 -0.460162 0.433567
446.935439 -0.460926 0.433506
446.945409 -0.461702 0.433460
446.955378 -0.462486 0.433382
446.965347 -0.463277 0.433320
446.975315 -0.464079 0.433275
446.985282 -0.464890 0.433195
446.995249 -0.465708 0.433151
447.005214 -0.466537 0.433069
447.015179 -0.467372 0.433025
447.025143 -0.468218 0.432942
447.035107 -0.469070 0.432898
447.045070 -0.469934 0.432814
447.055032 -0.470803 0.432771
447.064993 -0.471683 0.432686
447.074954 -0.472569 0.432643
447.084914 -0.473463 0.432579
447.094873 -0.474368 0.432493
447.104831 -0.475278 0.432451
447.114789 -0.476197 0.432387
447.124746 -0.477123 0.432300
447.134702 -0.478060 0.432258
447.144657 -0.479002 0.432195
447.154612 -0.479952 0.432130
447.164566 -0.480910 0.432067
447.174519 -0.481875 0.431977
447.184472 -0.482851 0.431938
447.194423 -0.483831 0.431875
447.204374 -0.484819 0.431812
447.214325 -0.485814 0.431748
447.224275 -0.486816 0.431685
447.234223 -0.487826 0.431622
447.244172 -0.488842 0.431559
447.254119 -0.489866 0.431497
447.264066 -0.490897 0.431435
447.274012 -0.491934 0.431373
447.283957 -0.492978 0.431340
447.293902 -0.494026 0.431250
447.303846 -0.495084 0.431189
447.313789 -0.496148 0.431128
447.323732 -0.497219 0.431068
447.333674 -0.498296 0.431008
447.343615 -0.499377 0.430980
447.353556 -0.500466 0.430889
447.363495 -0.501562 0.430830
447.373434 -0.502665 0.430805
447.383373 -0.503769 0.430715
447.393311 -0.504883 0.430657
447.403248 -0.506000 0.430634
447.413185 -0.507126 0.430544
447.423121 -0.508257 0.430522
447.433056 -0.509391 0.430434
447.442991 -0.510533 0.430378
447.452925 -0.511678 0.430360
447.462858 -0.512831 0.430271
447.472791 -0.513986 0.430254
447.482723 -0.515150 0.430203
447.492655 -0.516315 0.430115
447.502586 -0.517489 0.430100
447.512517 -0.518664 0.430014
447.522447 -0.519844 0.430002
447.532376 -0.521033 0.429952
447.542305 -0.522222 0.429868
447.552234 -0.523416 0.429859
447.562161 -0.524618 0.429812
447.572089 -0.525821 0.429729
447.582015 -0.527028 0.429722
447.591941 -0.528243 0.429677
447.601867 -0.529459 0.429635
447.611793 -0.530678 0.429553
447.621718 -0.531902 0.429551
447.631642 -0.533129 0.429510
447.641565 -0.534364 0.429470
447.651489 -0.535598 0.429432
447.661412 -0.536837 0.429353
447.671335 -0.538079 0.429356
447.681257 -0.539324 0.429320
447.691178 -0.540572 0.429284
447.701100 -0.541824 0.429250
447.711020 -0.543082 0.429216
447.720941 -0.544340 0.429184
447.730861 -0.545601 0.429152
447.740781 -0.546864 0.429122
447.750701 -0.548131 0.429092
447.760620 -0.549400 0.429063
447.770539 -0.550671 0.429035
447.780457 -0.551945 0.429008
447.790375 -0.553222 0.428982
447.800293 -0.554500 0.428958
447.810211 -0.555781 0.428934
447.820128 -0.557064 0.428911
447.830045 -0.558349 0.428889
447.839962 -0.559635 0.428868
447.849879 -0.560924 0.428849
447.859795 -0.562214 0.428830
447.869711 -0.563506 0.428812
447.879628 -0.564796 0.428796
447.889544 -0.566090 0.428780
447.899459 -0.567387 0.428766
447.909375 -0.568684 0.428753
447.919290 -0.569983 0.428740
447.929205 -0.571282 0.428773
447.939121 -0.572583 0.428719
447.949035 -0.573884 0.428710
447.958950 -0.575186 0.428701
447.968865 -0.576489 0.428695
447.978780 -0.577788 0.428690
447.988695 -0.579092 0.428685
447.998610 -0.580396 0.428681
448.008524 -0.581700 0.428678
448.018439 -0.583005 0.428722
448.028353 -0.584310 0.428676
448.038268 -0.585614 0.428677
448.048182 -0.586919 0.428679
448.058097 -0.588223 0.428682
448.068012 -0.589523 0.428687
448.077927 -0.590826 0.428691
448.087841 -0.592129 0.428698
448.097756 -0.593432 0.428704
448.107671 -0.594734 0.428758
448.117586 -0.596035 0.428723
448.127501 -0.597335 0.428733
448.137417 -0.598634 0.428745
448.147332 -0.599932 0.428758
448.157248 -0.601229 0.428772
448.167164 -0.602520 0.428787
448.177080 -0.603814 0.428803
448.186996 -0.605107 0.428820
448.196912 -0.606398 0.428838
448.206829 -0.607688 0.428857
448.216745 -0.608976 0.428878
448.226662 -0.610261 0.428898
448.236580 -0.611545 0.428920
448.246497 -0.612827 0.428944
448.256415 -0.614107 0.428969
448.266333 -0.615385 0.428994
448.276251 -0.616660 0.429020
448.286170 -0.617933 0.429048
448.296089 -0.619203 0.429076
448.306008 -0.620471 0.429105
448.315928 -0.621736 0.429136
448.325848 -0.622998 0.429167
448.335768 -0.624257 0.429199
448.345689 -0.625513 0.429233
448.355610 -0.626767 0.429267
448.365531 -0.628021 0.429301
448.375453 -0.629267 0.429337
448.385376 -0.630511 0.429374
448.395298 -0.631751 0.429372
448.405222 -0.632987 0.429451
448.415145 -0.634220 0.429490
448.425070 -0.635449 0.429531
448.434994 -0.636678 0.429572
448.444919 -0.637899 0.429575
448.454844 -0.639117 0.429657
448.464771 -0.640330 0.429702
448.474697 -0.641543 0.429745
448.484624 -0.642747 0.429753
448.494552 -0.643948 0.429837
448.504479 -0.645148 0.429884
448.514408 -0.646339 0.429894
448.524337 -0.647526 0.429980
448.534267 -0.648712 0.430029
448.544197 -0.649889 0.430043
448.554128 -0.651065 0.430130
448.564060 -0.652232 0.430145
448.573992 -0.653394 0.430233
448.583925 -0.654555 0.430249
448.593858 -0.655707 0.430339
448.603792 -0.656857 0.430357
448.613726 -0.657998 0.430447
448.623661 -0.659137 0.430466
448.633597 -0.660271 0.430556
448.643533 -0.661395 0.430580
448.653470 -0.662517 0.430636
448.663408 -0.663630 0.430727
448.673346 -0.664740 0.430751
448.683285 -0.665844 0.430810
448.693225 -0.666939 0.430901
448.703165 -0.668031 0.430929
448.713106 -0.669116 0.430988
448.723048 -0.670195 0.431048
448.732990 -0.671265 0.431139
448.742933 -0.672331 0.431170
448.752877 -0.673391 0.431231
448.762821 -0.674444 0.431294
448.772767 -0.675490 0.431355
448.782712 -0.676529 0.431418
448.792659 -0.677562 0.431480
448.802606 -0.678587 0.431543
448.812554 -0.679605 0.431607
448.822503 -0.680617 0.431670
448.832452 -0.681620 0.431734
448.842403 -0.682617 0.431797
448.852354 -0.683606 0.431861
448.862305 -0.684588 0.431926
448.872258 -0.685562 0.431990
448.882211 -0.686529 0.432055
448.892165 -0.687488 0.432119
448.902119 -0.688439 0.432160
448.912075 -0.689385 0.432248
448.922031 -0.690321 0.432313
448.931988 -0.691248 0.432378
448.941945 -0.692167 0.432420
448.951903 -0.693082 0.432507
448.961863 -0.693985 0.432572
448.971822 -0.694879 0.432616
448.981783 -0.695769 0.432701
448.991744 -0.696647 0.432746
449.001706 -0.697519 0.432830
449.011669 -0.698380 0.432894
449.021632 -0.699235 0.432939
449.031597 -0.700079 0.433022
449.041561 -0.700917 0.433068
449.051527 -0.701743 0.433132
449.061493 -0.702563 0.433212
449.071461 -0.703372 0.433259
449.081429 -0.704174 0.433338
449.091397 -0.704967 0.433384
449.101366 -0.705749 0.433447
449.111336 -0.706523 0.433525
449.121307 -0.707289 0.433571
449.131278 -0.708045 0.433633
449.141251 -0.708789 0.433694
449.151223 -0.709527 0.433754
449.161197 -0.710255 0.433829
449.171171 -0.710973 0.433875
449.181146 -0.711682 0.433934
449.191122 -0.712379 0.433993
449.201098 -0.713068 0.434052
449.211075 -0.713748 0.434109
449.221052 -0.714418 0.434167
449.231030 -0.715078 0.434223
449.241009 -0.715728 0.434280
449.250989 -0.716368 0.434336
449.260969 -0.716998 0.434391
449.270950 -0.717618 0.434445
449.280931 -0.718228 0.434499
449.290913 -0.718828 0.434552
449.300895 -0.719419 0.434604
449.310879 -0.719998 0.434657
449.320862 -0.720567 0.434708
449.330847 -0.721126 0.434750
449.340832 -0.721674 0.434808
449.350817 -0.722212 0.434857
449.360803 -0.722741 0.434905
449.370790 -0.723258 0.434952
449.380777 -0.723764 0.434992
449.390765 -0.724260 0.435045
449.400753 -0.724746 0.435090
449.410742 -0.725221 0.435128
449.420731 -0.725684 0.435177
449.430721 -0.726139 0.435220
449.440711 -0.726581 0.435256
449.450702 -0.727012 0.435302
449.460693 -0.727434 0.435342
449.470684 -0.727844 0.435381
449.480676 -0.728243 0.435419
449.490669 -0.728631 0.435452
449.500662 -0.729009 0.435492
449.510655 -0.729375 0.435523
449.520649 -0.729729 0.435561
449.530643 -0.730074 0.435591
449.540637 -0.730407 0.435626
449.550632 -0.730729 0.435655
449.560627 -0.731039 0.435687
449.570623 -0.731339 0.435714
449.580619 -0.731628 0.435744
449.590615 -0.731905 0.435770
449.600611 -0.732171 0.435798
449.610608 -0.732425 0.435821
449.620605 -0.732668 0.435845
449.630602 -0.732900 0.435869
449.640600 -0.733121 0.435889
449.650598 -0.733330 0.435911
449.660596 -0.733528 0.435930
449.670594 -0.733714 0.435948
449.680592 -0.733889 0.435967
449.690591 -0.734053 0.435982
449.700590 -0.734205 0.435997
449.710589 -0.734345 0.436012
449.720588 -0.734475 0.436024
449.730587 -0.734593 0.436036
449.740587 -0.734699 0.436047
449.750586 -0.734793 0.436056
449.760586 -0.734877 0.436064
449.770586 -0.734948 0.436071
449.780586 -0.735008 0.436077
449.790586 -0.735057 0.436082
449.800585 -0.735094 0.436086
449.810585 -0.735119 0.436088
449.820585 -0.735134 0.436089
449.830585 -0.735137 0.436090
449.840585 -0.735129 0.436089
449.850585 -0.735110 0.436087
449.860585 -0.735080 0.436085
449.870585 -0.735039 0.436081
449.880585 -0.734986 0.436076
449.890585 -0.734923 0.436070
449.900585 -0.734848 0.436062
449.910584 -0.734762 0.436054
449.920584 -0.734665 0.436045
449.930583 -0.734558 0.436034
449.940582 -0.734438 0.436023
449.950582 -0.734308 0.436011
449.960581 -0.734167 0.435997
449.970579 -0.734014 0.435982
449.980578 -0.733851 0.435967
449.990577 -0.733676 0.435950
450.000575 -0.733490 0.435933
450.010573 -0.733294 0.435913
450.020571 -0.733086 0.435893
450.030568 -0.732868 0.435874
450.040566 -0.732638 0.435850
450.050563 -0.732397 0.435829
450.060560 -0.732146 0.435803
450.070556 -0.731883 0.435778
450.080553 -0.731610 0.435754
450.090548 -0.731325 0.435725
450.100544 -0.731030 0.435699
450.110539 -0.730723 0.435668
450.120534 -0.730407 0.435641
450.130529 -0.730079 0.435607
450.140523 -0.729740 0.435578
450.150517 -0.729390 0.435542
450.160511 -0.729031 0.435512
450.170504 -0.728659 0.435474
450.180497 -0.728278 0.435442
450.190489 -0.727885 0.435406
450.200481 -0.727483 0.435364
450.210472 -0.727068 0.435330
450.220463 -0.726645 0.435286
450.230454 -0.726211 0.435252
450.240444 -0.725765 0.435211
450.250433 -0.725309 0.435164
450.260423 -0.724844 0.435127
450.270411 -0.724366 0.435084
450.280399 -0.723880 0.435033
450.290387 -0.723383 0.434995
450.300374 -0.722876 0.434950
450.310361 -0.722357 0.434904
450.320347 -0.721829 0.434849
450.330332 -0.721291 0.434809
450.340317 -0.720743 0.434760
450.350301 -0.720183 0.434711
450.360285 -0.719614 0.434661
450.370269 -0.719036 0.434610
450.380251 -0.718448 0.434559
450.390233 -0.717849 0.434498
450.400215 -0.717241 0.434455
450.410196 -0.716623 0.434401
450.420176 -0.715994 0.434348
450.430156 -0.715356 0.434293
450.440135 -0.714709 0.434239
450.450113 -0.714051 0.434183
450.460091 -0.713384 0.434127
450.470068 -0.712708 0.434083
450.480044 -0.712021 0.434014
450.490020 -0.711326 0.433956
450.499995 -0.710620 0.433898
450.509969 -0.709906 0.433839
450.519943 -0.709184 0.433780
450.529916 -0.708450 0.433721
450.539889 -0.707708 0.433676
450.549861 -0.706956 0.433601
450.559832 -0.706197 0.433540
450.569802 -0.705427 0.433495
450.579772 -0.704648 0.433418
450.589741 -0.703862 0.433357
450.599709 -0.703065 0.433312
450.609676 -0.702259 0.433233
450.619643 -0.701447 0.433170
450.629609 -0.700623 0.433125
450.639575 -0.699793 0.433045
450.649539 -0.698952 0.433000
450.659504 -0.698105 0.432918
450.669467 -0.697247 0.432874
450.679429 -0.696383 0.432791
450.689391 -0.695508 0.432747
450.699352 -0.694628 0.432684
450.709312 -0.693736 0.432598
450.719272 -0.692839 0.432556
450.729231 -0.691934 0.432492
450.739189 -0.691018 0.432406
450.749146 -0.690096 0.432364
450.759103 -0.689167 0.432300
450.769059 -0.688230 0.432236
450.779014 -0.687282 0.432148
450.788969 -0.686330 0.432108
450.798922 -0.685369 0.432045
450.808875 -0.684401 0.431981
450.818828 -0.683426 0.431917
450.828779 -0.682443 0.431854
450.838730 -0.681453 0.431790
450.848680 -0.680455 0.431727
450.858630 -0.679450 0.431664
450.868578 -0.678438 0.431600
450.878526 -0.677419 0.431538
450.888474 -0.676393 0.431475
450.898420 -0.675360 0.431413
450.908366 -0.674320 0.431351
450.918311 -0.673273 0.431289
450.928255 -0.672220 0.431227
450.938199 -0.671159 0.431166
450.948142 -0.670093 0.431136
450.958084 -0.669023 0.431045
450.968026 -0.667943 0.430985
450.977967 -0.666857 0.430925
450.987907 -0.665764 0.430897
450.997847 -0.664669 0.430807
451.007786 -0.663564 0.430748
451.017724 -0.662454 0.430722
451.027662 -0.661340 0.430632
451.037598 -0.660218 0.430575
451.047535 -0.659093 0.430553
451.057470 -0.657959 0.430462
451.067405 -0.656819 0.430440
451.077340 -0.655677 0.430351
451.087273 -0.654526 0.430331
451.097207 -0.653374 0.430243
451.107139 -0.652212 0.430225
451.117071 -0.651049 0.430137
451.127003 -0.649880 0.430121
451.136933 -0.648703 0.430032
451.146864 -0.647525 0.430019
451.156793 -0.646338 0.429968
451.166722 -0.645150 0.429882
451.176651 -0.643957 0.429871
451.186578 -0.642756 0.429823
451.196506 -0.641554 0.429738
451.206433 -0.640348 0.429730
451.216359 -0.639137 0.429683
451.226285 -0.637918 0.429638
451.236210 -0.636699 0.429555
451.246135 -0.635475 0.429551
451.256059 -0.634248 0.429508
451.265983 -0.633013 0.429466
451.275906 -0.631778 0.429425
451.285829 -0.630539 0.429385
451.295752 -0.629296 0.429305
451.305674 -0.628050 0.429307
451.315595 -0.626800 0.429270
451.325516 -0.625547 0.429232
451.335437 -0.624290 0.429197
451.345357 -0.623030 0.429161
451.355277 -0.621764 0.429127
451.365196 -0.620498 0.429094
451.375115 -0.619229 0.429062
451.385034 -0.617957 0.429031
451.394952 -0.616682 0.429000
451.404871 -0.615405 0.428971
451.414788 -0.614125 0.428942
451.424706 -0.612843 0.428914
451.434623 -0.611558 0.428888
451.444540 -0.610275 0.428862
451.454456 -0.608985 0.428837
451.464373 -0.607694 0.428815
451.474288 -0.606400 0.428791
451.484204 -0.605105 0.428770
451.494120 -0.603807 0.428749
451.504035 -0.602508 0.428774
451.513950 -0.601207 0.428711
451.523865 -0.599905 0.428694
451.533779 -0.598601 0.428676
451.543694 -0.597295 0.428661
451.553609 -0.595993 0.428648
451.563523 -0.594685 0.428633
451.573437 -0.593376 0.428620
451.583350 -0.592066 0.428655
451.593264 -0.590755 0.428599
451.603178 -0.589443 0.428590
451.613091 -0.588130 0.428582
451.623005 -0.586821 0.428576
451.632918 -0.585507 0.428569
451.642832 -0.584192 0.428564
451.652745 -0.582878 0.428605
451.662658 -0.581563 0.428558
451.672571 -0.580247 0.428556
451.682485 -0.578936 0.428556
451.692398 -0.577621 0.428556
451.702311 -0.576306 0.428557
451.712224 -0.574991 0.428605
451.722137 -0.573676 0.428564
451.732051 -0.572361 0.428568
451.741965 -0.571047 0.428575
451.751878 -0.569738 0.428582
451.761792 -0.568425 0.428588
451.771705 -0.567113 0.428643
451.781619 -0.565802 0.428608
451.791533 -0.564492 0.428619
451.801447 -0.563183 0.428631
451.811361 -0.561874 0.428645
451.821276 -0.560572 0.428660
451.831191 -0.559266 0.428674
451.841105 -0.557962 0.428691
451.851020 -0.556659 0.428752
451.860935 -0.555358 0.428726
451.870850 -0.554058 0.428746
451.880766 -0.552761 0.428766
451.890681 -0.551465 0.428788
451.900597 -0.550171 0.428811
451.910513 -0.548879 0.428834
451.920430 -0.547594 0.428859
451.930347 -0.546306 0.428884
451.940264 -0.545021 0.428911
451.950182 -0.543738 0.428938
451.960099 -0.542458 0.428967
451.970017 -0.541180 0.428996
451.979936 -0.539905 0.429027
451.989855 -0.538633 0.429058
451.999774 -0.537364 0.429090
452.009693 -0.536098 0.429123
452.019613 -0.534831 0.429158
452.029533 -0.533570 0.429192
452.039454 -0.532314 0.429228
452.049375 -0.531060 0.429265
452.059297 -0.529810 0.429304
452.069219 -0.528563 0.429300
452.079141 -0.527320 0.429381
452.089064 -0.526081 0.429421
452.098987 -0.524846 0.429462
452.108911 -0.523610 0.429504
452.118835 -0.522382 0.429547
452.128760 -0.521159 0.429552
452.138685 -0.519939 0.429635
452.148611 -0.518720 0.429680
452.158538 -0.517509 0.429726
452.168464 -0.516302 0.429734
452.178392 -0.515100 0.429820
452.188319 -0.513899 0.429868
452.198248 -0.512706 0.429879
452.208177 -0.511518 0.429967
452.218107 -0.510331 0.430016
452.228037 -0.509152 0.430031
452.237967 -0.507975 0.430118
452.247899 -0.506807 0.430135
452.257831 -0.505643 0.430225
452.267763 -0.504482 0.430242
452.277697 -0.503329 0.430332
452.287630 -0.502179 0.430351
452.297565 -0.501037 0.430442
452.307500 -0.499897 0.430463
452.317435 -0.498763 0.430553
452.327372 -0.497638 0.430577
452.337308 -0.496516 0.430634
452.347246 -0.495403 0.430725
452.357184 -0.494293 0.430751
452.367123 -0.493188 0.430810
452.377063 -0.492094 0.430901
452.387003 -0.491002 0.430929
452.396944 -0.489916 0.430989
452.406886 -0.488837 0.431050
452.416828 -0.487768 0.431141
452.426771 -0.486701 0.431173
452.436715 -0.485642 0.431234
452.446660 -0.484589 0.431296
452.456605 -0.483543 0.431358
452.466551 -0.482504 0.431421
452.476497 -0.481472 0.431484
452.486444 -0.480447 0.431547
452.496393 -0.479429 0.431610
452.506341 -0.478418 0.431674
452.516291 -0.477415 0.431738
452.526241 -0.476419 0.431802
452.536192 -0.475430 0.431865
452.546144 -0.474448 0.431930
452.556096 -0.473475 0.431994
452.566049 -0.472508 0.432058
452.576003 -0.471550 0.432123
452.585958 -0.470599 0.432163
452.595913 -0.469653 0.432252
452.605869 -0.468718 0.432317
452.615826 -0.467791 0.432381
452.625784 -0.466869 0.432424
452.635742 -0.465958 0.432510
452.645702 -0.465055 0.432575
452.655661 -0.464158 0.432618
452.665622 -0.463272 0.432704
452.675583 -0.462394 0.432748
452.685545 -0.461522 0.432832
452.695508 -0.460661 0.432896
452.705471 -0.459806 0.432941
452.715436 -0.458962 0.433023
452.725401 -0.458125 0.433069
452.735366 -0.457298 0.433132
452.745333 -0.456478 0.433213
452.755300 -0.455669 0.433259
452.765268 -0.454867 0.433338
452.775236 -0.454074 0.433384
452.785206 -0.453292 0.433446
452.795176 -0.452517 0.433524
452.805146 -0.451752 0.433569
452.815117 -0.450995 0.433631
452.825090 -0.450250 0.433692
452.835062 -0.449512 0.433752
452.845036 -0.448784 0.433826
452.855010 -0.448065 0.433871
452.864985 -0.447355 0.433930
452.874960 -0.446655 0.433989
452.884937 -0.445967 0.434047
452.894913 -0.445287 0.434104
452.904891 -0.444616 0.434161
452.914869 -0.443955 0.434218
452.924848 -0.443303 0.434274
452.934827 -0.442662 0.434329
452.944807 -0.442031 0.434384
452.954788 -0.441409 0.434438
452.964769 -0.440798 0.434491
452.974751 -0.440196 0.434544
452.984734 -0.439603 0.434597
452.994717 -0.439022 0.434648
453.004700 -0.438451 0.434699
453.014685 -0.437891 0.434741
453.024669 -0.437341 0.434798
453.034655 -0.436801 0.434847
453.044641 -0.436269 0.434895
453.054627 -0.435750 0.434942
453.064614 -0.435241 0.434982
453.074602 -0.434743 0.435034
453.084590 -0.434254 0.435079
453.094579 -0.433777 0.435117
453.104568 -0.433310 0.435166
453.114557 -0.432853 0.435208
453.124547 -0.432408 0.435245
453.134538 -0.431973 0.435290
453.144529 -0.431548 0.435330
453.154520 -0.431135 0.435364
453.164512 -0.430731 0.435407
453.174504 -0.430340 0.435440
453.184497 -0.429960 0.435480
453.194490 -0.429589 0.435511
453.204484 -0.429230 0.435549
453.214478 -0.428881 0.435579
453.224472 -0.428545 0.435614
453.234467 -0.428218 0.435643
453.244462 -0.427903 0.435676
453.254457 -0.427599 0.435703
453.264453 -0.427306 0.435733
453.274449 -0.427024 0.435759
453.284445 -0.426753 0.435787
453.294442 -0.426493 0.435810
453.304439 -0.426245 0.435836
453.314436 -0.426008 0.435858
453.324433 -0.425782 0.435880
453.334431 -0.425567 0.435902
453.344429 -0.425363 0.435921
453.354427 -0.425171 0.435940
453.364426 -0.424990 0.435958
453.374424 -0.424821 0.435974
453.384423 -0.424662 0.435990
453.394422 -0.424515 0.436004
453.404421 -0.424380 0.436017
453.414420 -0.424255 0.436030
453.424419 -0.424143 0.436041
453.434419 -0.424041 0.436051
453.444419 -0.423951 0.436060
453.454418 -0.423872 0.436067
453.464418 -0.423805 0.436074
453.474418 -0.423749 0.436080
453.484418 -0.423705 0.436084
453.494418 -0.423672 0.436087
453.504418 -0.423650 0.436089
453.514418 -0.423640 0.436090
453.524418 -0.423640 0.436090
453.534418 -0.423652 0.436089
453.544418 -0.423675 0.436087
453.554418 -0.423709 0.436084
453.564417 -0.423754 0.436080
453.574417 -0.423810 0.436074
453.584417 -0.423877 0.436068
453.594417 -0.423955 0.436061
453.604416 -0.424044 0.436052
453.614416 -0.424144 0.436043
453.624415 -0.424255 0.436032
453.634415 -0.424377 0.436020
453.644414 -0.424510 0.436008
453.654413 -0.424654 0.435995
453.664411 -0.424808 0.435979
453.674410 -0.424975 0.435964
453.684408 -0.425152 0.435948
453.694407 -0.425339 0.435929
453.704405 -0.425538 0.435910
453.714403 -0.425747 0.435891
453.724400 -0.425968 0.435869
453.734397 -0.426200 0.435849
453.744394 -0.426442 0.435824
453.754391 -0.426695 0.435800
453.764388 -0.426959 0.435775
453.774384 -0.427234 0.435749
453.784380 -0.427519 0.435725
453.794376 -0.427816 0.435695
453.804371 -0.428123 0.435669
453.814366 -0.428441 0.435636
453.824360 -0.428770 0.435608
453.834355 -0.429109 0.435574
453.844348 -0.429459 0.435545
453.854342 -0.429820 0.435508
453.864335 -0.430191 0.435477
453.874328 -0.430574 0.435438
453.884320 -0.430965 0.435406
453.894312 -0.431369 0.435369
453.904303 -0.431782 0.435327
453.914294 -0.432206 0.435293
453.924285 -0.432641 0.435253
453.934275 -0.433085 0.435208
453.944265 -0.433540 0.435172
453.954254 -0.434007 0.435130
453.964242 -0.434482 0.435081
453.974231 -0.434968 0.435044
453.984218 -0.435466 0.434999
453.994205 -0.435972 0.434947
454.004192 -0.436489 0.434909
454.014178 -0.437015 0.434862
454.024164 -0.437554 0.434815
454.034149 -0.438101 0.434767
454.044133 -0.438658 0.434710
454.054117 -0.439225 0.434668
454.064100 -0.439802 0.434618
454.074083 -0.440389 0.434568
454.084065 -0.440986 0.434516
454.094047 -0.441594 0.434464
454.104028 -0.442211 0.434412
454.114008 -0.442837 0.434358
454.123988 -0.443473 0.434305
454.133967 -0.444119 0.434250
454.143946 -0.444775 0.434195
454.153923 -0.445440 0.434140
454.163901 -0.446114 0.434084
454.173877 -0.446796 0.434027
454.183853 -0.447490 0.433970
454.193829 -0.448193 0.433913
454.203803 -0.448905 0.433868
454.213777 -0.449627 0.433796
454.223750 -0.450358 0.433737
454.233723 -0.451096 0.433678
454.243695 -0.451845 0.433618
454.253666 -0.452604 0.433573
454.263637 -0.453372 0.433498
454.273607 -0.454146 0.433437
454.283576 -0.454931 0.433392
454.293544 -0.455726 0.433314
454.303512 -0.456527 0.433252
454.313479 -0.457339 0.433208
454.323445 -0.458157 0.433128
454.333411 -0.458987 0.433084
454.343376 -0.459825 0.433003
454.353340 -0.460669 0.432959
454.363303 -0.461524 0.432876
454.373266 -0.462385 0.432833
454.383228 -0.463255 0.432749
454.393190 -0.464135 0.432706
454.403150 -0.465021 0.432643
454.413110 -0.465918 0.432558
454.423069 -0.466821 0.432516
454.433028 -0.467731 0.432452
454.442985 -0.468652 0.432365
454.452942 -0.469579 0.432324
454.462898 -0.470513 0.432260
454.472854 -0.471455 0.432197
454.482809 -0.472405 0.432108
454.492762 -0.473365 0.432068
454.502716 -0.474330 0.432005
454.512668 -0.475303 0.431941
454.522620 -0.476283 0.431878
454.532571 -0.477271 0.431814
454.542522 -0.478266 0.431751
454.552471 -0.479268 0.431687
454.562420 -0.480277 0.431624
454.572368 -0.481294 0.431561
454.582316 -0.482318 0.431499
454.592263 -0.483348 0.431436
454.602209 -0.484386 0.431374
454.612154 -0.485430 0.431311
454.622099 -0.486481 0.431249
454.632042 -0.487539 0.431188
454.641986 -0.488601 0.431157
454.651928 -0.489672 0.431066
454.661870 -0.490749 0.431005
454.671811 -0.491833 0.430945
454.681752 -0.492921 0.430916
454.691692 -0.494017 0.430825
454.701631 -0.495120 0.430766
454.711569 -0.496229 0.430740
454.721507 -0.497341 0.430649
454.731444 -0.498462 0.430591
454.741381 -0.499585 0.430567
454.751316 -0.500718 0.430476
454.761251 -0.501856 0.430454
454.771186 -0.502997 0.430364
454.781120 -0.504147 0.430343
454.791053 -0.505298 0.430253
454.800986 -0.506459 0.430234
454.810918 -0.507622 0.430145
454.820850 -0.508789 0.430128
454.830780 -0.509966 0.430039
454.840711 -0.511144 0.430024
454.850640 -0.512330 0.429972
454.860569 -0.513518 0.429884
454.870498 -0.514711 0.429872
454.880425 -0.515912 0.429822
454.890353 -0.517114 0.429735
454.900280 -0.518321 0.429727
454.910206 -0.519532 0.429679
454.920132 -0.520751 0.429632
454.930057 -0.521971 0.429547
454.939982 -0.523196 0.429542
454.949906 -0.524424 0.429497
454.959829 -0.525660 0.429453
454.969752 -0.526897 0.429411
454.979675 -0.528138 0.429369
454.989597 -0.529382 0.429287
454.999519 -0.530630 0.429287
455.009441 -0.531882 0.429247
455.019362 -0.533137 0.429209
455.029282 -0.534396 0.429171
455.039202 -0.535658 0.429134
455.049122 -0.536924 0.429098
455.059041 -0.538193 0.429062
455.068959 -0.539465 0.429027
455.078877 -0.540740 0.428994
455.088795 -0.542018 0.428961
455.098713 -0.543299 0.428930
455.108630 -0.544582 0.428899
455.118547 -0.545869 0.428869
455.128464 -0.547158 0.428840
455.138380 -0.548450 0.428812
455.148296 -0.549744 0.428785
455.158212 -0.551040 0.428758
455.168127 -0.552339 0.428778
455.178042 -0.553640 0.428709
455.187957 -0.554943 0.428685
455.197871 -0.556248 0.428663
455.207785 -0.557555 0.428642
455.217700 -0.558859 0.428622
455.227614 -0.560170 0.428602
455.237527 -0.561482 0.428584
455.247441 -0.562795 0.428612
455.257354 -0.564111 0.428550
455.267267 -0.565427 0.428535
455.277180 -0.566741 0.428522
455.287093 -0.568060 0.428507
455.297005 -0.569380 0.428541
455.306918 -0.570701 0.428485
455.316830 -0.572023 0.428474
455.326742 -0.573342 0.428465
455.336654 -0.574666 0.428457
455.346566 -0.575990 0.428496
455.356478 -0.577315 0.428444
455.366389 -0.578640 0.428439
455.376302 -0.579961 0.428436
455.386213 -0.581287 0.428432
455.396125 -0.582613 0.428477
455.406037 -0.583940 0.428430
455.415948 -0.585266 0.428431
455.425861 -0.586588 0.428432
455.435772 -0.587914 0.428434
455.445684 -0.589240 0.428484
455.455596 -0.590565 0.428442
455.465508 -0.591890 0.428448
455.475420 -0.593211 0.428455
455.485332 -0.594535 0.428462
455.495244 -0.595858 0.428517
455.505156 -0.597180 0.428480
455.515069 -0.598501 0.428492
455.524982 -0.599818 0.428504
455.534894 -0.601137 0.428516
455.544807 -0.602455 0.428576
455.554720 -0.603772 0.428545
455.564633 -0.605088 0.428562
455.574546 -0.606402 0.428578
455.584460 -0.607710 0.428597
455.594374 -0.609021 0.428616
455.604288 -0.610331 0.428635
455.614202 -0.611638 0.428701
455.624116 -0.612944 0.428679
455.634031 -0.614247 0.428702
455.643946 -0.615549 0.428725
455.653861 -0.616848 0.428751
455.663777 -0.618141 0.428777
455.673693 -0.619436 0.428803
455.683609 -0.620728 0.428831
455.693526 -0.622018 0.428860
455.703443 -0.623305 0.428890
455.713360 -0.624590 0.428920
455.723277 -0.625871 0.428953
455.733195 -0.627150 0.428985
455.743113 -0.628426 0.429018
455.753032 -0.629699 0.429053
455.762951 -0.630969 0.429088
455.772871 -0.632235 0.429124
455.782790 -0.633498 0.429161
455.792711 -0.634758 0.429198
455.802632 -0.636014 0.429238
455.812552 -0.637271 0.429276
455.822474 -0.638520 0.429317
455.832396 -0.639765 0.429359
455.842319 -0.641006 0.429400
455.852242 -0.642244 0.429443
455.862166 -0.643477 0.429487
455.872090 -0.644707 0.429531
455.882014 -0.645936 0.429575
455.891939 -0.647157 0.429622
455.901865 -0.648373 0.429668
455.911791 -0.649585 0.429716
455.921717 -0.650797 0.429763
455.931645 -0.652000 0.429775
455.941573 -0.653198 0.429862
455.951501 -0.654395 0.429912
455.961430 -0.655584 0.429926
455.971360 -0.656768 0.430014
455.981289 -0.657950 0.430066
455.991220 -0.659124 0.430082
456.001151 -0.660296 0.430172
456.011083 -0.661459 0.430190
456.021016 -0.662617 0.430280
456.030949 -0.663772 0.430300
456.040883 -0.664919 0.430391
456.050817 -0.666064 0.430412
456.060752 -0.667203 0.430503
456.070688 -0.668333 0.430526
456.080624 -0.669461 0.430584
456.090562 -0.670579 0.430675
456.100499 -0.671694 0.430701
456.110438 -0.672804 0.430793
456.120377 -0.673904 0.430820
456.130316 -0.675001 0.430880
456.140257 -0.676092 0.430940
456.150198 -0.677176 0.431033
456.160140 -0.678251 0.431063
456.170083 -0.679322 0.431123
456.180026 -0.680387 0.431185
456.189970 -0.681445 0.431247
456.199914 -0.682496 0.431310
456.209860 -0.683541 0.431402
456.219806 -0.684575 0.431435
456.229753 -0.685606 0.431498
456.239701 -0.686629 0.431562
456.249649 -0.687646 0.431625
456.259598 -0.688655 0.431689
456.269547 -0.689657 0.431752
456.279498 -0.690651 0.431817
456.289449 -0.691638 0.431855
456.299400 -0.692621 0.431945
456.309353 -0.693593 0.432009
456.319307 -0.694558 0.432074
456.329261 -0.695514 0.432138
456.339215 -0.696463 0.432203
456.349171 -0.697404 0.432244
456.359127 -0.698341 0.432332
456.369084 -0.699266 0.432396
456.379042 -0.700183 0.432461
456.389000 -0.701095 0.432503
456.398960 -0.701996 0.432590
456.408920 -0.702889 0.432654
456.418880 -0.703776 0.432718
456.428842 -0.704652 0.432781
456.438804 -0.705523 0.432826
456.448767 -0.706382 0.432909
456.458731 -0.707235 0.432953
456.468695 -0.708077 0.433036
456.478660 -0.708913 0.433081
456.488626 -0.709738 0.433162
456.498593 -0.710556 0.433207
456.508560 -0.711363 0.433270
456.518528 -0.712164 0.433349
456.528496 -0.712956 0.433395
456.538466 -0.713736 0.433456
456.548436 -0.714510 0.433533
456.558407 -0.715274 0.433579
456.568378 -0.716027 0.433640
456.578350 -0.716773 0.433700
456.588323 -0.717510 0.433774
456.598297 -0.718237 0.433819
456.608271 -0.718955 0.433878
456.618246 -0.719663 0.433937
456.628222 -0.720360 0.433995
456.638198 -0.721049 0.434053
456.648175 -0.721729 0.434109
456.658152 -0.722399 0.434167
456.668130 -0.723059 0.434222
456.678109 -0.723710 0.434278
456.688089 -0.724350 0.434333
456.698069 -0.724981 0.434387
456.708050 -0.725602 0.434441
456.718031 -0.726213 0.434494
456.728013 -0.726814 0.434546
456.737995 -0.727405 0.434598
456.747978 -0.727988 0.434649
456.757962 -0.728559 0.434700
456.767946 -0.729119 0.434749
456.777931 -0.729670 0.434791
456.787917 -0.730210 0.434846
456.797902 -0.730740 0.434894
456.807889 -0.731261 0.434941
456.817876 -0.731770 0.434980
456.827863 -0.732269 0.435032
456.837851 -0.732759 0.435077
456.847840 -0.733237 0.435120
456.857829 -0.733704 0.435163
456.867819 -0.734162 0.435205
456.877809 -0.734608 0.435241
456.887799 -0.735044 0.435286
456.897790 -0.735470 0.435326
456.907782 -0.735884 0.435360
456.917773 -0.736288 0.435402
456.927766 -0.736682 0.435435
456.937758 -0.737064 0.435475
456.947751 -0.737437 0.435510
456.957745 -0.737797 0.435540
456.967739 -0.738148 0.435577
456.977733 -0.738486 0.435606
456.987728 -0.738815 0.435640
456.997723 -0.739132 0.435667
457.007718 -0.739439 0.435699
457.017713 -0.739734 0.435725
457.027709 -0.740019 0.435752
457.037706 -0.740292 0.435780
457.047702 -0.740554 0.435804
457.057699 -0.740806 0.435830
457.067696 -0.741046 0.435851
457.077694 -0.741275 0.435875
457.087691 -0.741493 0.435895
457.097689 -0.741700 0.435915
457.107687 -0.741896 0.435935
457.117685 -0.742080 0.435952
457.127684 -0.742253 0.435969
457.137683 -0.742415 0.435985
457.147682 -0.742566 0.435999
457.157681 -0.742706 0.436013
457.167680 -0.742834 0.436026
457.177679 -0.742951 0.436037
457.187678 -0.743057 0.436047
457.197678 -0.743152 0.436056
457.207678 -0.743235 0.436064
457.217677 -0.743307 0.436071
457.227677 -0.743368 0.436077
457.237677 -0.743417 0.436082
457.247677 -0.743455 0.436086
457.257677 -0.743482 0.436088
457.267677 -0.743497 0.436090
457.277677 -0.743502 0.436090
457.287677 -0.743496 0.436090
457.297677 -0.743479 0.436088
457.307677 -0.743452 0.436086
457.317677 -0.743413 0.436082
457.327677 -0.743363 0.436077
457.337677 -0.743303 0.436072
457.347676 -0.743231 0.436065
457.357676 -0.743149 0.436057
457.367676 -0.743055 0.436048
457.377675 -0.742951 0.436039
457.387674 -0.742836 0.436028
457.397674 -0.742710 0.436016
457.407673 -0.742573 0.436004
457.417671 -0.742426 0.435989
457.427670 -0.742267 0.435974
457.437669 -0.742098 0.435959
457.447667 -0.741917 0.435941
457.457665 -0.741726 0.435924
457.467663 -0.741524 0.435904
457.477661 -0.741311 0.435884
457.487659 -0.741088 0.435864
457.497656 -0.740853 0.435841
457.507653 -0.740607 0.435820
457.517650 -0.740352 0.435794
457.527646 -0.740085 0.435769
457.537642 -0.739808 0.435745
457.547638 -0.739520 0.435717
457.557633 -0.739221 0.435691
457.567629 -0.738911 0.435660
457.577624 -0.738592 0.435633
457.587618 -0.738261 0.435600
457.597612 -0.737920 0.435571
457.607606 -0.737567 0.435536
457.617600 -0.737206 0.435506
457.627593 -0.736832 0.435468
457.637585 -0.736449 0.435433
457.647577 -0.736055 0.435401
457.657569 -0.735651 0.435360
457.667561 -0.735236 0.435327
457.677552 -0.734811 0.435284
457.687542 -0.734375 0.435250
457.697532 -0.733929 0.435209
457.707522 -0.733473 0.435163
457.717511 -0.733007 0.435127
457.727500 -0.732529 0.435084
457.737488 -0.732043 0.435042
457.747475 -0.731546 0.434991
457.757462 -0.731040 0.434953
457.767449 -0.730521 0.434907
457.777435 -0.729994 0.434862
457.787421 -0.729457 0.434806
457.797406 -0.728910 0.434767
457.807390 -0.728353 0.434718
457.817374 -0.727784 0.434669
457.827357 -0.727207 0.434619
457.837340 -0.726621 0.434569
457.847322 -0.726024 0.434518
457.857304 -0.725418 0.434466
457.867285 -0.724801 0.434404
457.877265 -0.724176 0.434361
457.887245 -0.723540 0.434308
457.897224 -0.722895 0.434254
457.907203 -0.722240 0.434200
457.917181 -0.721576 0.434156
457.927158 -0.720902 0.434089
457.937135 -0.720219 0.434033
457.947111 -0.719526 0.433976
457.957086 -0.718824 0.433920
457.967061 -0.718115 0.433861
457.977035 -0.717394 0.433803
457.987008 -0.716664 0.433745
457.996981 -0.715925 0.433686
458.006953 -0.715177 0.433627
458.016924 -0.714422 0.433567
458.026895 -0.713656 0.433523
458.036865 -0.712881 0.433447
458.046834 -0.712099 0.433385
458.056802 -0.711306 0.433342
458.066770 -0.710504 0.433263
458.076738 -0.709696 0.433202
458.086704 -0.708877 0.433158
458.096670 -0.708051 0.433077
458.106635 -0.707215 0.433034
458.116599 -0.706370 0.432952
458.126563 -0.705519 0.432909
458.136525 -0.704659 0.432826
458.146487 -0.703789 0.432783
458.156449 -0.702913 0.432699
458.166410 -0.702026 0.432657
458.176370 -0.701133 0.432593
458.186329 -0.700233 0.432508
458.196287 -0.699321 0.432466
458.206245 -0.698405 0.432402
458.216202 -0.697480 0.432340
458.226159 -0.696545 0.432251
458.236114 -0.695604 0.432211
458.246069 -0.694656 0.432147
458.256024 -0.693700 0.432084
458.265977 -0.692737 0.432020
458.275929 -0.691766 0.431930
458.285881 -0.690785 0.431892
458.295832 -0.689799 0.431829
458.305783 -0.688806 0.431766
458.315733 -0.687805 0.431702
458.325682 -0.686797 0.431639
458.335630 -0.685782 0.431576
458.345578 -0.684760 0.431512
458.355525 -0.683731 0.431450
458.365471 -0.682695 0.431388
458.375417 -0.681655 0.431355
458.385362 -0.680606 0.431263
458.395306 -0.679549 0.431201
458.405249 -0.678486 0.431140
458.415192 -0.677416 0.431077
458.425134 -0.676340 0.431048
458.435075 -0.675260 0.430957
458.445016 -0.674171 0.430896
458.454955 -0.673075 0.430835
458.464895 -0.671977 0.430808
458.474833 -0.670869 0.430716
458.484771 -0.669754 0.430657
458.494708 -0.668638 0.430633
458.504645 -0.667511 0.430540
458.514580 -0.666379 0.430517
458.524516 -0.665245 0.430426
458.534450 -0.664101 0.430403
458.544384 -0.662956 0.430313
458.554317 -0.661801 0.430292
458.564250 -0.660644 0.430201
458.574182 -0.659478 0.430182
458.584114 -0.658310 0.430092
458.594045 -0.657137 0.430075
458.603975 -0.655956 0.429985
458.613904 -0.654773 0.429970
458.623833 -0.653581 0.429917
458.633762 -0.652388 0.429830
458.643690 -0.651190 0.429816
458.653617 -0.649983 0.429767
458.663543 -0.648775 0.429718
458.673470 -0.647563 0.429630
458.683395 -0.646347 0.429621
458.693320 -0.645122 0.429573
458.703245 -0.643896 0.429528
458.713169 -0.642666 0.429441
458.723092 -0.641432 0.429436
458.733015 -0.640194 0.429392
458.742938 -0.638951 0.429349
458.752860 -0.637701 0.429305
458.762781 -0.636451 0.429264
458.772702 -0.635197 0.429223
458.782623 -0.633939 0.429182
458.792543 -0.632678 0.429142
458.802463 -0.631413 0.429103
458.812382 -0.630144 0.429064
458.822301 -0.628872 0.429028
458.832219 -0.627597 0.428992
458.842137 -0.626318 0.428956
458.852054 -0.625037 0.428921
458.861971 -0.623752 0.428887
458.871888 -0.622464 0.428854
458.881805 -0.621174 0.428822
458.891721 -0.619880 0.428790
458.901636 -0.618584 0.428761
458.911552 -0.617285 0.428731
458.921467 -0.615988 0.428703
458.931382 -0.614684 0.428675
458.941296 -0.613378 0.428648
458.951210 -0.612070 0.428623
458.961124 -0.610759 0.428643
458.971037 -0.609446 0.428574
458.980951 -0.608131 0.428552
458.990864 -0.606819 0.428530
459.000777 -0.605500 0.428509
459.010689 -0.604180 0.428534
459.020601 -0.602858 0.428469
459.030513 -0.601534 0.428451
459.040426 -0.600213 0.428436
459.050337 -0.598886 0.428418
459.060249 -0.597558 0.428450
459.070160 -0.596229 0.428390
459.080071 -0.594899 0.428377
459.089983 -0.593571 0.428365
459.099893 -0.592239 0.428354
459.109804 -0.590905 0.428390
459.119715 -0.589571 0.428335
459.129626 -0.588241 0.428328
459.139536 -0.586905 0.428321
459.149447 -0.585569 0.428361
459.159357 -0.584232 0.428310
459.169268 -0.582900 0.428307
459.179178 -0.581563 0.428350
459.189088 -0.580225 0.428302
459.198998 -0.578888 0.428301
459.208909 -0.577554 0.428302
459.218819 -0.576217 0.428349
459.228729 -0.574880 0.428305
459.238640 -0.573543 0.428309
459.248550 -0.572210 0.428313
459.258461 -0.570874 0.428366
459.268371 -0.569539 0.428324
459.278282 -0.568203 0.428333
459.288193 -0.566873 0.428342
459.298103 -0.565540 0.428397
459.308014 -0.564207 0.428361
459.317925 -0.562875 0.428373
459.327837 -0.561549 0.428386
459.337748 -0.560219 0.428399
459.347659 -0.558891 0.428461
459.357571 -0.557564 0.428429
459.367483 -0.556238 0.428447
459.377396 -0.554918 0.428465
459.387308 -0.553595 0.428483
459.397220 -0.552275 0.428549
459.407133 -0.550955 0.428522
459.417046 -0.549638 0.428545
459.426959 -0.548327 0.428568
459.436873 -0.547013 0.428591
459.446786 -0.545702 0.428615
459.456700 -0.544393 0.428686
459.466614 -0.543086 0.428668
459.476529 -0.541782 0.428695
459.486444 -0.540480 0.428723
459.496359 -0.539181 0.428753
459.506275 -0.537888 0.428783
459.516191 -0.536594 0.428813
459.526107 -0.535303 0.428846
459.536024 -0.534014 0.428879
459.545941 -0.532729 0.428912
459.555858 -0.531446 0.428947
459.565776 -0.530167 0.428982
459.575695 -0.528891 0.429019
459.585613 -0.527618 0.429056
459.595532 -0.526349 0.429093
459.605452 -0.525083 0.429133
459.615372 -0.523821 0.429172
459.625292 -0.522563 0.429213
459.635213 -0.521308 0.429254
459.645134 -0.520053 0.429296
459.655056 -0.518806 0.429339
459.664979 -0.517563 0.429383
459.674902 -0.516323 0.429387
459.684825 -0.515089 0.429473
459.694749 -0.513858 0.429519
459.704673 -0.512628 0.429565
459.714598 -0.511406 0.429612
459.724524 -0.510188 0.429621
459.734450 -0.508975 0.429709
459.744376 -0.507763 0.429758
459.754303 -0.506560 0.429808
459.764231 -0.505361 0.429821
459.774160 -0.504167 0.429910
459.784088 -0.502975 0.429924
459.794018 -0.501791 0.430015
459.803948 -0.500609 0.430067
459.813879 -0.499435 0.430085
459.823810 -0.498267 0.430176
459.833742 -0.497101 0.430194
459.843675 -0.495943 0.430286
459.853608 -0.494788 0.430306
459.863542 -0.493641 0.430398
459.873476 -0.492497 0.430420
459.883412 -0.491363 0.430512
459.893347 -0.490230 0.430536
459.903284 -0.489104 0.430628
459.913221 -0.487986 0.430654
459.923159 -0.486872 0.430713
459.933097 -0.485764 0.430805
459.943037 -0.484665 0.430833
459.952976 -0.483569 0.430893
459.962917 -0.482480 0.430954
459.972858 -0.481400 0.431046
459.982800 -0.480324 0.431077
459.992743 -0.479254 0.431139
460.002686 -0.478191 0.431201
460.012630 -0.477134 0.431263
460.022575 -0.476085 0.431355
460.032521 -0.475045 0.431418
460.042467 -0.474009 0.431452
460.052414 -0.472981 0.431515
460.062362 -0.471959 0.431579
460.072310 -0.470945 0.431642
460.082259 -0.469937 0.431706
460.092209 -0.468937 0.431770
460.102160 -0.467945 0.431834
460.112111 -0.466960 0.431873
460.122063 -0.465979 0.431963
460.132016 -0.465009 0.432027
460.141969 -0.464047 0.432092
460.151924 -0.463092 0.432156
460.161879 -0.462145 0.432220
460.171834 -0.461206 0.432261
460.181791 -0.460272 0.432349
460.191748 -0.459349 0.432413
460.201706 -0.458434 0.432478
460.211665 -0.457524 0.432520
460.221624 -0.456625 0.432606
460.231584 -0.455734 0.432649
460.241545 -0.454849 0.432734
460.251507 -0.453975 0.432798
460.261469 -0.453107 0.432841
460.271432 -0.452250 0.432925
460.281396 -0.451398 0.432969
460.291360 -0.450558 0.433051
460.301326 -0.449724 0.433095
460.311292 -0.448901 0.433158
460.321258 -0.448085 0.433238
460.331226 -0.447279 0.433283
460.341194 -0.446481 0.433362
460.351163 -0.445691 0.433407
460.361132 -0.444912 0.433469
460.371102 -0.444140 0.433545
460.381073 -0.443378 0.433590
460.391045 -0.442624 0.433650
460.401017 -0.441882 0.433710
460.410990 -0.441147 0.433770
460.420964 -0.440421 0.433843
460.430938 -0.439705 0.433887
460.440913 -0.438998 0.433946
460.450889 -0.438300 0.434003
460.460865 -0.437615 0.434061
460.470842 -0.436936 0.434117
460.480820 -0.436267 0.434173
460.490798 -0.435608 0.434229
460.500777 -0.434959 0.434284
460.510756 -0.434319 0.434338
460.520737 -0.433689 0.434392
460.530717 -0.433069 0.434445
460.540699 -0.432459 0.434498
460.550681 -0.431856 0.434550
460.560663 -0.431266 0.434601
460.570646 -0.430686 0.434652
460.580630 -0.430115 0.434702
460.590614 -0.429555 0.434743
460.600599 -0.429005 0.434800
460.610585 -0.428465 0.434848
460.620570 -0.427934 0.434895
460.630557 -0.427415 0.434934
460.640544 -0.426905 0.434987
460.650531 -0.426407 0.435032
460.660519 -0.425917 0.435076
460.670508 -0.425438 0.435113
460.680497 -0.424971 0.435162
460.690487 -0.424512 0.435203
460.700477 -0.424065 0.435239
460.710467 -0.423629 0.435284
460.720458 -0.423202 0.435323
460.730449 -0.422787 0.435357
460.740441 -0.422381 0.435399
460.750433 -0.421987 0.435431
460.760426 -0.421604 0.435471
460.770419 -0.421231 0.435502
460.780412 -0.420869 0.435539
460.790406 -0.420517 0.435569
460.800400 -0.420176 0.435604
460.810395 -0.419846 0.435632
460.820390 -0.419527 0.435665
460.830385 -0.419219 0.435692
460.840381 -0.418922 0.435722
460.850377 -0.418635 0.435747
460.860373 -0.418359 0.435775
460.870369 -0.418095 0.435799
460.880366 -0.417841 0.435825
460.890363 -0.417598 0.435846
460.900360 -0.417366 0.435868
460.910358 -0.417146 0.435891
460.920356 -0.416936 0.435910
460.930354 -0.416737 0.435930
460.940352 -0.416550 0.435947
460.950351 -0.416374 0.435964
460.960349 -0.416208 0.435980
460.970348 -0.416054 0.435995
460.980347 -0.415911 0.436008
460.990346 -0.415779 0.436022
461.000345 -0.415658 0.436033
461.010345 -0.415549 0.436043
461.020344 -0.415450 0.436053
461.030344 -0.415363 0.436061
461.040344 -0.415287 0.436069
461.050343 -0.415222 0.436075
461.060343 -0.415168 0.436080
461.070343 -0.415126 0.436084
461.080343 -0.415094 0.436087
461.090343 -0.415075 0.436089
461.100343 -0.415074 0.436090
461.110343 -0.415087 0.436088
461.120343 -0.415111 0.436086
461.130343 -0.415145 0.436083
461.140343 -0.415191 0.436079
461.150343 -0.415247 0.436073
461.160343 -0.415314 0.436067
461.170342 -0.415392 0.436060
461.180342 -0.415481 0.436051
461.190341 -0.415581 0.436042
461.200341 -0.415691 0.436032
461.210340 -0.415812 0.436020
461.220339 -0.415944 0.436007
461.230338 -0.416087 0.435995
461.240337 -0.416240 0.435980
461.250336 -0.416404 0.435964
461.260334 -0.416579 0.435949
461.270332 -0.416764 0.435930
461.280330 -0.416961 0.435913
461.290328 -0.417167 0.435893
461.300326 -0.417385 0.435872
461.310323 -0.417613 0.435853
461.320320 -0.417852 0.435829
461.330317 -0.418102 0.435808
461.340314 -0.418362 0.435782
461.350310 -0.418633 0.435757
461.360306 -0.418914 0.435733
461.370302 -0.419206 0.435704
461.380297 -0.419508 0.435678
461.390293 -0.419821 0.435647
461.400287 -0.420144 0.435620
461.410282 -0.420479 0.435587
461.420276 -0.420823 0.435559
461.430270 -0.421178 0.435523
461.440263 -0.421542 0.435493
461.450256 -0.421919 0.435456
461.460248 -0.422304 0.435425
461.470240 -0.422701 0.435389
461.480232 -0.423107 0.435348
461.490224 -0.423523 0.435316
461.500214 -0.423951 0.435273
461.510205 -0.424387 0.435239
461.520195 -0.424836 0.435199
461.530184 -0.425293 0.435153
461.540173 -0.425760 0.435118
461.550162 -0.426238 0.435076
461.560150 -0.426726 0.435033
461.570138 -0.427223 0.434983
461.580125 -0.427730 0.434945
461.590111 -0.428249 0.434901
461.600098 -0.428776 0.434855
461.610083 -0.429313 0.434801
461.620068 -0.429860 0.434762
461.630053 -0.430417 0.434714
461.640036 -0.430985 0.434666
461.650020 -0.431562 0.434617
461.660003 -0.432148 0.434568
461.669985 -0.432744 0.434517
461.679967 -0.433349 0.434457
461.689948 -0.433964 0.434405
461.699928 -0.434588 0.434363
461.709908 -0.435222 0.434311
461.719887 -0.435866 0.434258
461.729866 -0.436519 0.434204
461.739844 -0.437181 0.434150
461.749821 -0.437852 0.434108
461.759798 -0.438533 0.434041
461.769774 -0.439223 0.433985
461.779750 -0.439923 0.433929
461.789725 -0.440631 0.433872
461.799699 -0.441347 0.433815
461.809673 -0.442074 0.433758
461.819646 -0.442809 0.433715
461.829618 -0.443554 0.433642
461.839589 -0.444305 0.433584
461.849560 -0.445068 0.433525
461.859531 -0.445839 0.433482
461.869500 -0.446619 0.433406
461.879469 -0.447406 0.433347
461.889437 -0.448203 0.433303
461.899405 -0.449009 0.433226
461.909372 -0.449821 0.433183
461.919338 -0.450645 0.433104
461.929303 -0.451474 0.433043
461.939268 -0.452314 0.432982
461.949232 -0.453160 0.432920
461.959195 -0.454016 0.432858
461.969158 -0.454879 0.432817
461.979120 -0.455752 0.432734
461.989081 -0.456630 0.432693
461.999042 -0.457517 0.432610
462.009002 -0.458414 0.432569
462.018961 -0.459317 0.432507
462.028919 -0.460227 0.432422
462.038877 -0.461148 0.432382
462.048834 -0.462074 0.432320
462.058790 -0.463008 0.432258
462.068745 -0.463949 0.432171
462.078700 -0.464901 0.432133
462.088654 -0.465857 0.432070
462.098608 -0.466821 0.432008
462.108560 -0.467792 0.431946
462.118512 -0.468771 0.431884
462.128464 -0.469756 0.431822
462.138414 -0.470749 0.431760
462.148364 -0.471749 0.431698
462.158313 -0.472756 0.431636
462.168262 -0.473771 0.431574
462.178210 -0.474792 0.431513
462.188157 -0.475819 0.431452
462.198103 -0.476854 0.431391
462.208049 -0.477896 0.431330
462.217994 -0.478944 0.431269
462.227938 -0.479998 0.431209
462.237881 -0.481060 0.431149
462.247824 -0.482127 0.431119
462.257767 -0.483198 0.431030
462.267708 -0.484278 0.430970
462.277649 -0.485365 0.430911
462.287589 -0.486458 0.430885
462.297529 -0.487553 0.430795
462.307468 -0.488658 0.430737
462.317406 -0.489769 0.430712
462.327344 -0.490883 0.430623
462.337280 -0.492005 0.430566
462.347217 -0.493130 0.430544
462.357152 -0.494264 0.430454
462.367087 -0.495404 0.430433
462.377022 -0.496546 0.430344
462.386955 -0.497697 0.430324
462.396889 -0.498849 0.430236
462.406821 -0.500010 0.430217
462.416753 -0.501173 0.430129
462.426685 -0.502342 0.430113
462.436615 -0.503518 0.430025
462.446546 -0.504697 0.430011
462.456475 -0.505883 0.429960
462.466404 -0.507071 0.429873
462.476333 -0.508264 0.429862
462.486260 -0.509465 0.429812
462.496188 -0.510667 0.429727
462.506115 -0.511874 0.429718
462.516041 -0.513085 0.429671
462.525967 -0.514304 0.429625
462.535892 -0.515524 0.429540
462.545817 -0.516748 0.429535
462.555741 -0.517976 0.429491
462.565665 -0.519212 0.429448
462.575588 -0.520448 0.429406
462.585511 -0.521688 0.429364
462.595433 -0.522932 0.429282
462.605355 -0.524179 0.429282
462.615276 -0.525430 0.429243
462.625197 -0.526685 0.429204
462.635118 -0.527944 0.429166
462.645038 -0.529205 0.429129
462.654958 -0.530470 0.429093
462.664876 -0.531739 0.429056
462.674795 -0.533010 0.429021
462.684713 -0.534289 0.428988
462.694631 -0.535563 0.428954
462.704549 -0.536843 0.428922
462.714466 -0.538127 0.428891
462.724383 -0.539413 0.428860
462.734300 -0.540702 0.428831
462.744216 -0.541993 0.428802
462.754132 -0.543287 0.428773
462.764047 -0.544584 0.428747
462.773963 -0.545883 0.428765
462.783878 -0.547184 0.428695
462.793792 -0.548487 0.428671
462.803707 -0.549793 0.428646
462.813621 -0.551100 0.428625
462.823535 -0.552405 0.428603
462.833449 -0.553717 0.428582
462.843363 -0.555030 0.428562
462.853276 -0.556344 0.428589
462.863189 -0.557661 0.428525
462.873102 -0.558978 0.428508
462.883015 -0.560294 0.428493
462.892927 -0.561614 0.428477
462.902839 -0.562936 0.428508
462.912751 -0.564259 0.428450
462.922663 -0.565583 0.428437
462.932576 -0.566904 0.428427
462.942487 -0.568231 0.428416
462.952399 -0.569558 0.428453
462.962310 -0.570885 0.428398
462.972222 -0.572214 0.428391
462.982134 -0.573539 0.428385
462.992045 -0.574868 0.428379
463.001956 -0.576198 0.428421
463.011867 -0.577528 0.428371
463.021779 -0.578855 0.428370
463.031690 -0.580185 0.428367
463.041601 -0.581516 0.428413
463.051512 -0.582847 0.428368
463.061423 -0.584177 0.428369
463.071335 -0.585504 0.428373
463.081246 -0.586834 0.428422
463.091157 -0.588164 0.428379
463.101068 -0.589493 0.428385
463.110980 -0.590818 0.428392
463.120892 -0.592146 0.428399
463.130803 -0.593474 0.428454
463.140715 -0.594801 0.428416
463.150626 -0.596127 0.428427
463.160539 -0.597448 0.428439
463.170451 -0.598772 0.428451
463.180363 -0.600095 0.428510
463.190275 -0.601417 0.428478
463.200187 -0.602737 0.428493
463.210101 -0.604052 0.428510
463.220013 -0.605370 0.428527
463.229926 -0.606686 0.428590
463.239840 -0.608001 0.428564
463.249753 -0.609314 0.428583
463.259667 -0.610625 0.428604
463.269581 -0.611930 0.428627
463.279495 -0.613237 0.428649
463.289410 -0.614542 0.428672
463.299325 -0.615845 0.428697
463.309240 -0.617146 0.428767
463.319155 -0.618445 0.428748
463.329070 -0.619741 0.428776
463.338986 -0.621035 0.428804
463.348903 -0.622326 0.428832
463.358819 -0.623615 0.428863
463.368736 -0.624901 0.428893
463.378654 -0.626184 0.428925
463.388571 -0.627464 0.428957
463.398489 -0.628742 0.428990
463.408408 -0.630016 0.429025
463.418327 -0.631287 0.429059
463.428246 -0.632555 0.429095
463.438166 -0.633820 0.429132
463.448086 -0.635082 0.429170
463.458006 -0.636340 0.429207
463.467927 -0.637594 0.429246
463.477849 -0.638845 0.429244
463.487771 -0.640092 0.429326
463.497693 -0.641336 0.429367
463.507616 -0.642575 0.429408
463.517539 -0.643815 0.429451
463.527463 -0.645047 0.429494
463.537387 -0.646274 0.429499
463.547312 -0.647498 0.429584
463.557237 -0.648717 0.429629
463.567163 -0.649936 0.429675
463.577089 -0.651147 0.429683
463.587016 -0.652353 0.429769
463.596944 -0.653554 0.429818
463.606871 -0.654755 0.429865
463.616800 -0.655947 0.429877
463.626729 -0.657135 0.429964
463.636659 -0.658321 0.429977
463.646589 -0.659499 0.430066
463.656520 -0.660675 0.430116
463.666451 -0.661843 0.430134
463.676383 -0.663009 0.430222
463.686316 -0.664166 0.430240
463.696249 -0.665322 0.430329
463.706183 -0.666468 0.430349
463.716117 -0.667613 0.430437
463.726053 -0.668749 0.430459
463.735988 -0.669882 0.430548
463.745925 -0.671007 0.430570
463.755862 -0.672129 0.430627
463.765799 -0.673245 0.430717
463.775738 -0.674352 0.430742
463.785676 -0.675456 0.430800
463.795616 -0.676555 0.430889
463.805556 -0.677644 0.430917
463.815497 -0.678730 0.430975
463.825439 -0.679810 0.431034
463.835381 -0.680883 0.431124
463.845324 -0.681947 0.431154
463.855268 -0.683007 0.431214
463.865212 -0.684062 0.431274
463.875157 -0.685109 0.431335
463.885103 -0.686150 0.431396
463.895049 -0.687184 0.431457
463.904996 -0.688211 0.431518
463.914944 -0.689232 0.431580
463.924893 -0.690245 0.431641
463.934842 -0.691251 0.431703
463.944792 -0.692251 0.431765
463.954742 -0.693243 0.431827
463.964694 -0.694228 0.431889
463.974646 -0.695206 0.431951
463.984599 -0.696176 0.432013
463.994552 -0.697139 0.432076
464.004506 -0.698095 0.432114
464.014461 -0.699046 0.432201
464.024417 -0.699987 0.432263
464.034373 -0.700920 0.432325
464.044330 -0.701845 0.432365
464.054288 -0.702765 0.432450
464.064246 -0.703675 0.432512
464.074206 -0.704577 0.432553
464.084165 -0.705473 0.432636
464.094126 -0.706359 0.432698
464.104087 -0.707239 0.432740
464.114049 -0.708109 0.432822
464.124012 -0.708971 0.432864
464.133975 -0.709827 0.432945
464.143940 -0.710672 0.432987
464.153904 -0.711511 0.433067
464.163870 -0.712342 0.433110
464.173836 -0.713162 0.433188
464.183803 -0.713975 0.433231
464.193771 -0.714778 0.433292
464.203739 -0.715575 0.433368
464.213708 -0.716363 0.433412
464.223678 -0.717140 0.433471
464.233648 -0.717910 0.433546
464.243619 -0.718672 0.433589
464.253591 -0.719422 0.433648
464.263563 -0.720166 0.433705
464.273536 -0.720901 0.433778
464.283509 -0.721627 0.433821
464.293484 -0.722344 0.433878
464.303459 -0.723052 0.433934
464.313434 -0.723748 0.433990
464.323411 -0.724437 0.434045
464.333387 -0.725117 0.434100
464.343365 -0.725788 0.434155
464.353343 -0.726449 0.434209
464.363322 -0.727101 0.434263
464.373301 -0.727744 0.434316
464.383281 -0.728377 0.434368
464.393262 -0.729001 0.434420
464.403243 -0.729615 0.434471
464.413224 -0.730219 0.434522
464.423207 -0.730814 0.434572
464.433189 -0.731401 0.434621
464.443173 -0.731976 0.434670
464.453157 -0.732542 0.434718
464.463141 -0.733097 0.434758
464.473127 -0.733644 0.434813
464.483112 -0.734180 0.434859
464.493098 -0.734708 0.434905
464.503085 -0.735224 0.434942
464.513072 -0.735730 0.434994
464.523060 -0.736227 0.435037
464.533048 -0.736714 0.435079
464.543036 -0.737191 0.435115
464.553026 -0.737657 0.435163
464.563015 -0.738114 0.435203
464.573005 -0.738560 0.435237
464.582996 -0.738996 0.435281
464.592987 -0.739423 0.435319
464.602978 -0.739838 0.435356
464.612970 -0.740244 0.435393
464.622962 -0.740639 0.435424
464.632954 -0.741023 0.435463
464.642947 -0.741398 0.435493
464.652941 -0.741762 0.435529
464.662935 -0.742116 0.435558
464.672929 -0.742459 0.435593
464.682923 -0.742792 0.435620
464.692918 -0.743114 0.435652
464.702913 -0.743427 0.435679
464.712909 -0.743728 0.435709
464.722904 -0.744019 0.435733
464.732900 -0.744300 0.435761
464.742897 -0.744569 0.435784
464.752893 -0.744828 0.435810
464.762890 -0.745077 0.435831
464.772887 -0.745315 0.435853
464.782885 -0.745542 0.435876
464.792883 -0.745759 0.435895
464.802880 -0.745965 0.435915
464.812878 -0.746160 0.435932
464.822877 -0.746344 0.435949
464.832875 -0.746518 0.435966
464.842874 -0.746681 0.435981
464.852873 -0.746834 0.435995
464.862872 -0.746975 0.436009
464.872871 -0.747106 0.436021
464.882870 -0.747226 0.436032
464.892870 -0.747335 0.436043
464.902869 -0.747434 0.436052
464.912869 -0.747522 0.436060
464.922868 -0.747598 0.436068
464.932868 -0.747665 0.436074
464.942868 -0.747720 0.436079
464.952868 -0.747764 0.436083
464.962868 -0.747798 0.436086
464.972868 -0.747821 0.436088
464.982868 -0.747833 0.436090
464.992868 -0.747834 0.436090
465.002868 -0.747825 0.436089
465.012868 -0.747805 0.436087
465.022868 -0.747775 0.436084
465.032868 -0.747735 0.436081
465.042868 -0.747683 0.436076
465.052867 -0.747622 0.436070
465.062867 -0.747550 0.436064
465.072867 -0.747468 0.436056
465.082866 -0.747375 0.436048
465.092866 -0.747272 0.436038
465.102865 -0.747158 0.436028
465.112864 -0.747034 0.436017
465.122864 -0.746900 0.436005
465.132862 -0.746755 0.435992
465.142861 -0.746600 0.435977
465.152860 -0.746434 0.435962
465.162858 -0.746259 0.435947
465.172857 -0.746072 0.435930
465.182855 -0.745875 0.435913
465.192853 -0.745669 0.435893
465.202850 -0.745451 0.435874
465.212848 -0.745224 0.435855
465.222845 -0.744986 0.435832
465.232842 -0.744738 0.435811
465.242838 -0.744480 0.435786
465.252835 -0.744211 0.435764
465.262831 -0.743933 0.435738
465.272827 -0.743643 0.435712
465.282822 -0.743345 0.435688
465.292817 -0.743035 0.435658
465.302812 -0.742716 0.435632
465.312807 -0.742386 0.435600
465.322801 -0.742047 0.435573
465.332795 -0.741697 0.435539
465.342789 -0.741338 0.435511
465.352782 -0.740968 0.435475
465.362775 -0.740588 0.435442
465.372767 -0.740198 0.435412
465.382759 -0.739799 0.435374
465.392751 -0.739390 0.435343
465.402742 -0.738970 0.435302
465.412733 -0.738541 0.435270
465.422723 -0.738101 0.435232
465.432713 -0.737653 0.435188
465.442702 -0.737195 0.435155
465.452691 -0.736725 0.435115
465.462680 -0.736248 0.435068
465.472668 -0.735760 0.435033
465.482656 -0.735263 0.434992
465.492643 -0.734755 0.434949
465.502629 -0.734239 0.434899
465.512616 -0.733713 0.434862
465.522601 -0.733178 0.434818
465.532586 -0.732631 0.434773
465.542571 -0.732077 0.434727
465.552555 -0.731513 0.434672
465.562539 -0.730940 0.434634
465.572522 -0.730357 0.434586
465.582504 -0.729766 0.434538
465.592486 -0.729165 0.434490
465.602467 -0.728554 0.434441
465.612448 -0.727933 0.434391
465.622428 -0.727304 0.434341
465.632408 -0.726666 0.434290
465.642387 -0.726020 0.434239
465.652365 -0.725364 0.434188
465.662343 -0.724701 0.434136
465.672321 -0.724027 0.434083
465.682297 -0.723344 0.434030
465.692273 -0.722652 0.433977
465.702249 -0.721952 0.433923
465.712224 -0.721243 0.433883
465.722198 -0.720524 0.433814
465.732171 -0.719798 0.433759
465.742144 -0.719065 0.433704
465.752117 -0.718321 0.433648
465.762088 -0.717568 0.433607
465.772059 -0.716807 0.433536
465.782030 -0.716040 0.433479
465.792000 -0.715262 0.433439
465.801969 -0.714476 0.433365
465.811937 -0.713684 0.433308
465.821905 -0.712881 0.433267
465.831872 -0.712070 0.433192
465.841839 -0.711253 0.433152
465.851804 -0.710425 0.433076
465.861770 -0.709593 0.433017
465.871734 -0.708749 0.432977
465.881698 -0.707900 0.432900
465.891661 -0.707041 0.432861
465.901623 -0.706177 0.432802
465.911585 -0.705302 0.432722
465.921546 -0.704422 0.432684
465.931507 -0.703534 0.432604
465.941466 -0.702636 0.432566
465.951426 -0.701734 0.432507
465.961384 -0.700824 0.432425
465.971342 -0.699903 0.432388
465.981299 -0.698978 0.432329
465.991255 -0.698046 0.432270
466.001211 -0.697106 0.432187
466.011166 -0.696157 0.432151
466.021120 -0.695203 0.432093
466.031074 -0.694242 0.432034
466.041027 -0.693274 0.431974
466.050979 -0.692299 0.431915
466.060931 -0.691317 0.431857
466.070882 -0.690328 0.431772
466.080832 -0.689330 0.431713
466.090781 -0.688328 0.431681
466.100730 -0.687319 0.431623
466.110679 -0.686303 0.431565
466.120626 -0.685281 0.431535
466.130574 -0.684256 0.431450
466.140520 -0.683221 0.431392
466.150466 -0.682180 0.431336
466.160411 -0.681133 0.431278
466.170355 -0.680080 0.431221
466.180299 -0.679020 0.431165
466.190242 -0.677954 0.431109
466.200185 -0.676886 0.431084
466.210126 -0.675808 0.430998
466.220068 -0.674725 0.430943
466.230008 -0.673635 0.430888
466.239948 -0.672544 0.430866
466.249888 -0.671443 0.430780
466.259826 -0.670337 0.430726
466.269765 -0.669228 0.430706
466.279702 -0.668111 0.430621
466.289639 -0.666988 0.430568
466.299575 -0.665864 0.430551
466.309511 -0.664731 0.430464
466.319446 -0.663596 0.430449
466.329381 -0.662452 0.430363
466.339315 -0.661307 0.430348
466.349248 -0.660154 0.430264
466.359181 -0.658999 0.430250
466.369113 -0.657836 0.430166
466.379045 -0.656672 0.430155
466.388976 -0.655499 0.430071
466.398907 -0.654326 0.430062
466.408837 -0.653144 0.430014
466.418767 -0.651962 0.429932
466.428696 -0.650775 0.429925
466.438625 -0.649580 0.429881
466.448553 -0.648385 0.429799
466.458481 -0.647185 0.429794
466.468408 -0.645978 0.429751
466.478334 -0.644770 0.429672
466.488261 -0.643559 0.429669
466.498187 -0.642344 0.429629
466.508112 -0.641121 0.429589
466.518037 -0.639898 0.429550
466.527961 -0.638672 0.429473
466.537885 -0.637442 0.429475
466.547809 -0.636208 0.429438
466.557732 -0.634968 0.429401
466.567654 -0.633728 0.429367
466.577577 -0.632484 0.429332
466.587499 -0.631238 0.429257
466.597420 -0.629988 0.429265
466.607342 -0.628736 0.429232
466.617263 -0.627480 0.429201
466.627183 -0.626222 0.429170
466.637103 -0.624961 0.429141
466.647023 -0.623697 0.429110
466.656942 -0.622427 0.429082
466.666861 -0.621158 0.429055
466.676780 -0.619887 0.429028
466.686699 -0.618613 0.429002
466.696617 -0.617337 0.428977
466.706535 -0.616059 0.428953
466.716453 -0.614779 0.428929
466.726370 -0.613496 0.428907
466.736288 -0.612216 0.428886
466.746205 -0.610929 0.428864
466.756121 -0.609641 0.428844
466.766038 -0.608351 0.428825
466.775954 -0.607060 0.428807
466.785870 -0.605767 0.428790
466.795786 -0.604472 0.428772
466.805702 -0.603176 0.428757
466.815617 -0.601879 0.428787
466.825532 -0.600580 0.428728
466.835448 -0.599280 0.428715
466.845363 -0.597979 0.428703
466.855278 -0.596677 0.428692
466.865193 -0.595378 0.428683
466.875107 -0.594075 0.428673
466.885022 -0.592770 0.428664
466.894936 -0.591465 0.428657
466.904851 -0.590159 0.428695
466.914765 -0.588853 0.428644
466.924679 -0.587546 0.428640
466.934594 -0.586239 0.428636
466.944508 -0.584935 0.428633
466.954422 -0.583627 0.428631
466.964336 -0.582319 0.428630
466.974251 -0.581012 0.428675
466.984165 -0.579704 0.428631
466.994079 -0.578396 0.428633
467.003993 -0.577088 0.428635
467.013907 -0.575781 0.428638
467.023822 -0.574478 0.428644
467.033736 -0.573171 0.428648
467.043650 -0.571865 0.428655
467.053565 -0.570560 0.428706
467.063479 -0.569255 0.428670
467.073394 -0.567951 0.428679
467.083309 -0.566648 0.428688
467.093224 -0.565346 0.428700
467.103139 -0.564048 0.428712
467.113054 -0.562748 0.428724
467.122969 -0.561449 0.428738
467.132885 -0.560151 0.428752
467.142800 -0.558855 0.428767
467.152716 -0.557560 0.428828
467.162632 -0.556266 0.428800
467.172548 -0.554974 0.428819
467.182465 -0.553684 0.428837
467.192381 -0.552395 0.428857
467.202298 -0.551108 0.428878
467.212215 -0.549823 0.428899
467.222133 -0.548540 0.428921
467.232050 -0.547259 0.428945
467.241968 -0.545980 0.428968
467.251886 -0.544703 0.428994
467.261805 -0.543429 0.429019
467.271724 -0.542157 0.429046
467.281643 -0.540887 0.429073
467.291562 -0.539620 0.429101
467.301482 -0.538355 0.429130
467.311402 -0.537093 0.429160
467.321322 -0.535834 0.429190
467.331243 -0.534578 0.429180
467.341164 -0.533324 0.429254
467.351085 -0.532074 0.429287
467.361007 -0.530826 0.429320
467.370930 -0.529582 0.429354
467.380852 -0.528337 0.429389
467.390775 -0.527099 0.429426
467.400698 -0.525865 0.429462
467.410622 -0.524634 0.429500
467.420547 -0.523406 0.429537
467.430472 -0.522178 0.429577
467.440397 -0.520958 0.429615
467.450323 -0.519742 0.429617
467.460249 -0.518529 0.429697
467.470175 -0.517316 0.429738
467.480102 -0.516112 0.429780
467.490030 -0.514911 0.429785
467.499958 -0.513714 0.429866
467.509886 -0.512518 0.429910
467.519815 -0.511330 0.429917
467.529745 -0.510142 0.430000
467.539675 -0.508963 0.430009
467.549606 -0.507788 0.430091
467.559537 -0.506614 0.430138
467.569468 -0.505448 0.430150
467.579400 -0.504283 0.430234
467.589333 -0.503127 0.430248
467.599266 -0.501972 0.430331
467.609200 -0.500825 0.430346
467.619135 -0.499680 0.430431
467.629070 -0.498543 0.430448
467.639005 -0.497409 0.430499
467.648942 -0.496282 0.430584
467.658878 -0.495158 0.430603
467.668815 -0.494039 0.430688
467.678753 -0.492929 0.430709
467.688692 -0.491821 0.430762
467.698631 -0.490718 0.430848
467.708571 -0.489625 0.430870
467.718511 -0.488534 0.430924
467.728452 -0.487448 0.430979
467.738394 -0.486369 0.431066
467.748337 -0.485298 0.431091
467.758279 -0.484231 0.431146
467.768223 -0.483169 0.431203
467.778167 -0.482114 0.431259
467.788112 -0.481064 0.431316
467.798057 -0.480021 0.431373
467.808004 -0.478987 0.431459
467.817950 -0.477957 0.431488
467.827898 -0.476933 0.431546
467.837846 -0.475916 0.431603
467.847795 -0.474905 0.431662
467.857744 -0.473900 0.431720
467.867694 -0.472903 0.431778
467.877645 -0.471912 0.431811
467.887596 -0.470925 0.431896
467.897548 -0.469947 0.431955
467.907501 -0.468977 0.432014
467.917455 -0.468014 0.432073
467.927409 -0.467058 0.432132
467.937364 -0.466109 0.432191
467.947319 -0.465164 0.432226
467.957275 -0.464229 0.432309
467.967232 -0.463302 0.432369
467.977190 -0.462382 0.432406
467.987148 -0.461466 0.432487
467.997107 -0.460561 0.432546
468.007066 -0.459664 0.432584
468.017026 -0.458771 0.432664
468.026987 -0.457888 0.432723
468.036949 -0.457011 0.432762
468.046911 -0.456144 0.432841
468.056874 -0.455285 0.432880
468.066838 -0.454431 0.432958
468.076802 -0.453587 0.432998
468.086767 -0.452749 0.433075
468.096732 -0.451920 0.433115
468.106699 -0.451100 0.433191
468.116665 -0.450286 0.433231
468.126633 -0.449483 0.433289
468.136601 -0.448686 0.433363
468.146570 -0.447897 0.433404
468.156540 -0.447119 0.433461
468.166510 -0.446347 0.433533
468.176481 -0.445583 0.433574
468.186452 -0.444830 0.433630
468.196424 -0.444083 0.433686
468.206397 -0.443345 0.433755
468.216370 -0.442615 0.433796
468.226344 -0.441894 0.433851
468.236319 -0.441182 0.433905
468.246294 -0.440481 0.433959
468.256270 -0.439787 0.434013
468.266247 -0.439101 0.434066
468.276224 -0.438424 0.434119
468.286201 -0.437756 0.434171
468.296180 -0.437097 0.434223
468.306159 -0.436448 0.434274
468.316138 -0.435807 0.434325
468.326118 -0.435175 0.434375
468.336099 -0.434553 0.434425
468.346080 -0.433939 0.434474
468.356062 -0.433335 0.434523
468.366044 -0.432740 0.434571
468.376027 -0.432155 0.434619
468.386010 -0.431577 0.434666
468.395994 -0.431010 0.434712
468.405978 -0.430453 0.434750
468.415963 -0.429905 0.434803
468.425949 -0.429367 0.434848
468.435935 -0.428836 0.434892
468.445921 -0.428317 0.434935
468.455908 -0.427807 0.434971
468.465896 -0.427307 0.435020
468.475884 -0.426815 0.435061
468.485872 -0.426334 0.435096
468.495861 -0.425863 0.435142
468.505850 -0.425400 0.435181
468.515840 -0.424949 0.435214
468.525830 -0.424507 0.435257
468.535821 -0.424074 0.435295
468.545812 -0.423652 0.435326
468.555803 -0.423239 0.435366
468.565795 -0.422836 0.435397
468.575788 -0.422443 0.435435
468.585780 -0.422060 0.435469
468.595773 -0.421687 0.435497
468.605767 -0.421324 0.435533
468.615760 -0.420972 0.435560
468.625755 -0.420628 0.435594
468.635749 -0.420296 0.435620
468.645744 -0.419973 0.435651
468.655739 -0.419661 0.435676
468.665734 -0.419358 0.435706
468.675730 -0.419066 0.435729
468.685726 -0.418784 0.435756
468.695722 -0.418513 0.435779
468.705719 -0.418251 0.435802
468.715716 -0.418000 0.435826
468.725713 -0.417758 0.435846
468.735710 -0.417527 0.435868
468.745708 -0.417307 0.435887
468.755706 -0.417096 0.435906
468.765704 -0.416897 0.435925
468.775702 -0.416707 0.435941
468.785700 -0.416528 0.435958
468.795699 -0.416359 0.435973
468.805698 -0.416200 0.435987
468.815696 -0.416052 0.436001
468.825696 -0.415914 0.436013
468.835695 -0.415787 0.436025
468.845694 -0.415670 0.436035
468.855693 -0.415563 0.436045
468.865693 -0.415467 0.436054
468.875693 -0.415381 0.436062
468.885692 -0.415306 0.436068
468.895692 -0.415241 0.436074
468.905692 -0.415187 0.436079
468.915692 -0.415143 0.436083
468.925692 -0.415109 0.436086
468.935692 -0.415086 0.436088
468.945692 -0.415074 0.436090
468.955692 -0.415071 0.436090
468.965692 -0.415079 0.436089
468.975692 -0.415097 0.436087
468.985692 -0.415125 0.436085
468.995692 -0.415164 0.436082
469.005692 -0.415212 0.436077
469.015691 -0.415270 0.436072
469.025691 -0.415339 0.436066
469.035691 -0.415418 0.436059
469.045690 -0.415506 0.436051
469.055690 -0.415605 0.436043
469.065689 -0.415714 0.436033
469.075689 -0.415833 0.436023
469.085688 -0.415962 0.436012
469.095687 -0.416101 0.435999
469.105686 -0.416250 0.435986
469.115684 -0.416409 0.435973
469.125683 -0.416578 0.435957
469.135681 -0.416757 0.435942
469.145680 -0.416946 0.435926
469.155678 -0.417145 0.435908
469.165675 -0.417355 0.435891
469.175673 -0.417573 0.435870
469.185670 -0.417803 0.435850
469.195668 -0.418041 0.435831
469.205665 -0.418290 0.435808
469.215661 -0.418549 0.435788
469.225658 -0.418818 0.435763
469.235654 -0.419096 0.435741
469.245650 -0.419384 0.435714
469.255645 -0.419683 0.435688
469.265640 -0.419990 0.435664
469.275635 -0.420308 0.435634
469.285630 -0.420635 0.435609
469.295624 -0.420973 0.435578
469.305618 -0.421320 0.435551
469.315612 -0.421677 0.435518
469.325605 -0.422043 0.435490
469.335598 -0.422420 0.435459
469.345591 -0.422805 0.435423
469.355583 -0.423201 0.435394
469.365575 -0.423605 0.435355
469.375566 -0.424019 0.435325
469.385557 -0.424444 0.435290
469.395548 -0.424877 0.435249
469.405538 -0.425319 0.435218
469.415528 -0.425772 0.435181
469.425517 -0.426234 0.435137
469.435506 -0.426704 0.435104
469.445494 -0.427186 0.435065
469.455482 -0.427675 0.435019
469.465470 -0.428174 0.434985
469.475457 -0.428684 0.434944
469.485443 -0.429201 0.434902
469.495430 -0.429727 0.434852
469.505415 -0.430263 0.434817
469.515400 -0.430808 0.434774
469.525385 -0.431363 0.434730
469.535369 -0.431926 0.434685
469.545353 -0.432498 0.434631
469.555336 -0.433080 0.434594
469.565318 -0.433670 0.434548
469.575300 -0.434269 0.434502
469.585282 -0.434877 0.434455
469.595263 -0.435493 0.434407
469.605243 -0.436119 0.434359
469.615223 -0.436753 0.434310
469.625202 -0.437396 0.434261
469.635181 -0.438048 0.434212
469.645159 -0.438709 0.434162
469.655137 -0.439378 0.434112
469.665114 -0.440056 0.434061
469.675090 -0.440742 0.434010
469.685066 -0.441437 0.433959
469.695041 -0.442140 0.433920
469.705016 -0.442852 0.433855
469.714990 -0.443572 0.433802
469.724964 -0.444298 0.433749
469.734936 -0.445035 0.433696
469.744909 -0.445780 0.433658
469.754880 -0.446533 0.433589
469.764851 -0.447292 0.433535
469.774822 -0.448062 0.433481
469.784792 -0.448839 0.433443
469.794761 -0.449625 0.433372
469.804729 -0.450416 0.433317
469.814697 -0.451217 0.433279
469.824665 -0.452024 0.433206
469.834631 -0.452841 0.433168
469.844597 -0.453666 0.433095
469.854563 -0.454496 0.433058
469.864527 -0.455336 0.432983
469.874491 -0.456182 0.432946
469.884455 -0.457037 0.432871
469.894418 -0.457897 0.432834
469.904380 -0.458768 0.432758
469.914341 -0.459643 0.432722
469.924302 -0.460525 0.432645
469.934262 -0.461418 0.432609
469.944222 -0.462315 0.432553
469.954181 -0.463219 0.432475
469.964139 -0.464133 0.432441
469.974097 -0.465051 0.432384
469.984054 -0.465977 0.432328
469.994010 -0.466912 0.432248
470.003966 -0.467851 0.432215
470.013921 -0.468797 0.432159
470.023876 -0.469750 0.432103
470.033830 -0.470709 0.432047
470.043783 -0.471675 0.431966
470.053735 -0.472651 0.431935
470.063687 -0.473630 0.431880
470.073638 -0.474616 0.431824
470.083589 -0.475609 0.431769
470.093539 -0.476607 0.431714
470.103488 -0.477612 0.431659
470.113437 -0.478623 0.431604
470.123385 -0.479640 0.431550
470.133333 -0.480664 0.431495
470.143280 -0.481693 0.431441
470.153226 -0.482729 0.431387
470.163171 -0.483770 0.431334
470.173116 -0.484818 0.431309
470.183061 -0.485868 0.431228
470.193005 -0.486926 0.431174
470.202948 -0.487991 0.431122
470.212891 -0.489061 0.431070
470.222833 -0.490137 0.431049
470.232774 -0.491215 0.430967
470.242715 -0.492301 0.430916
470.252655 -0.493393 0.430865
470.262595 -0.494490 0.430846
470.272534 -0.495590 0.430765
470.282473 -0.496697 0.430715
470.292411 -0.497810 0.430699
470.302349 -0.498924 0.430618
470.312285 -0.500047 0.430569
470.322222 -0.501171 0.430556
470.332158 -0.502304 0.430474
470.342093 -0.503441 0.430462
470.352028 -0.504579 0.430382
470.361962 -0.505725 0.430370
470.371896 -0.506873 0.430291
470.381829 -0.508028 0.430280
470.391762 -0.509185 0.430202
470.401694 -0.510349 0.430193
470.411626 -0.511514 0.430115
470.421557 -0.512683 0.430108
470.431488 -0.513860 0.430029
470.441418 -0.515037 0.430026
470.451348 -0.516222 0.429984
470.461277 -0.517407 0.429908
470.471206 -0.518596 0.429906
470.481134 -0.519793 0.429866
470.491063 -0.520989 0.429791
470.500990 -0.522189 0.429791
470.510917 -0.523396 0.429754
470.520844 -0.524603 0.429718
470.530771 -0.525814 0.429644
470.540697 -0.527028 0.429648
470.550622 -0.528248 0.429613
470.560547 -0.529469 0.429580
470.570472 -0.530692 0.429508
470.580397 -0.531918 0.429515
470.590321 -0.533148 0.429484
470.600244 -0.534384 0.429453
470.610168 -0.535619 0.429424
470.620091 -0.536856 0.429354
470.630013 -0.538097 0.429366
470.639936 -0.539340 0.429338
470.649858 -0.540585 0.429311
470.659780 -0.541833 0.429285
470.669701 -0.543088 0.429259
470.679622 -0.544340 0.429235
470.689543 -0.545595 0.429211
470.699464 -0.546852 0.429188
470.709384 -0.548111 0.429165
470.719304 -0.549372 0.429102
470.729224 -0.550635 0.429123
470.739144 -0.551900 0.429104
470.749063 -0.553167 0.429085
470.758983 -0.554435 0.429066
470.768902 -0.555705 0.429048
470.778821 -0.556976 0.429032
470.788739 -0.558249 0.429016
470.798658 -0.559523 0.429001
470.808576 -0.560799 0.428987
470.818494 -0.562076 0.428974
470.828412 -0.563354 0.428961
470.838330 -0.564633 0.428950
470.848248 -0.565913 0.428938
470.858165 -0.567194 0.428929
470.868083 -0.568476 0.428920
470.878000 -0.569759 0.428912
470.887918 -0.571042 0.428904
470.897835 -0.572326 0.428897
470.907752 -0.573610 0.428891
470.917669 -0.574895 0.428931
470.927586 -0.576181 0.428883
470.937503 -0.577466 0.428879
470.947420 -0.578752 0.428878
470.957337 -0.580038 0.428876
470.967254 -0.581324 0.428876
470.977171 -0.582611 0.428876
470.987088 -0.583897 0.428877
470.997005 -0.585183 0.428879
471.006922 -0.586468 0.428882
471.016839 -0.587754 0.428886
471.026756 -0.589039 0.428891
471.036673 -0.590323 0.428897
471.046591 -0.591608 0.428903
471.056509 -0.592887 0.428910
471.066426 -0.594170 0.428918
471.076344 -0.595452 0.428927
471.086261 -0.596733 0.428937
471.096179 -0.598013 0.428947
471.106097 -0.599293 0.428959
471.116015 -0.600571 0.428971
471.125933 -0.601848 0.428985
471.135851 -0.603124 0.428998
471.145769 -0.604398 0.429013
471.155688 -0.605671 0.429028
471.165607 -0.606943 0.429045
471.175526 -0.608213 0.429062
471.185445 -0.609482 0.429081
471.195364 -0.610753 0.429098
471.205284 -0.612018 0.429119
471.215204 -0.613281 0.429140
471.225124 -0.614543 0.429161
471.235044 -0.615802 0.429183
471.244965 -0.617060 0.429206
471.254886 -0.618315 0.429230
471.264807 -0.619568 0.429212
471.274728 -0.620819 0.429280
471.284650 -0.622067 0.429305
471.294572 -0.623314 0.429332
471.304494 -0.624557 0.429360
471.314417 -0.625802 0.429387
471.324340 -0.627040 0.429418
471.334263 -0.628276 0.429407
471.344187 -0.629509 0.429477
471.354111 -0.630738 0.429509
471.364035 -0.631969 0.429540
471.373960 -0.633193 0.429573
471.383885 -0.634414 0.429567
471.393810 -0.635632 0.429641
471.403736 -0.636846 0.429675
471.413662 -0.638061 0.429710
471.423589 -0.639269 0.429708
471.433516 -0.640473 0.429783
471.443443 -0.641677 0.429820
471.453371 -0.642875 0.429821
471.463300 -0.644068 0.429897
471.473229 -0.645261 0.429936
471.483158 -0.646447 0.429939
471.493088 -0.647629 0.430017
471.503018 -0.648811 0.430057
471.512949 -0.649985 0.430063
471.522880 -0.651159 0.430141
471.532811 -0.652324 0.430148
471.542744 -0.653486 0.430228
471.552676 -0.654647 0.430236
471.562609 -0.655800 0.430316
471.572543 -0.656952 0.430326
471.582477 -0.658095 0.430406
471.592412 -0.659238 0.430418
471.602347 -0.660376 0.430498
471.612283 -0.661506 0.430512
471.622219 -0.662635 0.430592
471.632156 -0.663755 0.430641
471.642093 -0.664874 0.430655
471.652031 -0.665987 0.430737
471.661970 -0.667093 0.430755
471.671909 -0.668196 0.430804
471.681848 -0.669295 0.430886
471.691789 -0.670384 0.430905
471.701729 -0.671472 0.430956
471.711671 -0.672554 0.431007
471.721612 -0.673631 0.431059
471.731555 -0.674699 0.431141
471.741498 -0.675765 0.431164
471.751442 -0.676825 0.431216
471.761386 -0.677879 0.431269
471.771331 -0.678927 0.431322
471.781277 -0.679970 0.431376
471.791223 -0.681007 0.431430
471.801169 -0.682037 0.431484
471.811117 -0.683062 0.431566
471.821065 -0.684078 0.431620
471.831014 -0.685090 0.431647
471.840963 -0.686099 0.431675
471.850913 -0.687099 0.431758
471.860864 -0.688092 0.431813
471.870815 -0.689080 0.431868
471.880767 -0.690060 0.431924
471.890719 -0.691034 0.431979
471.900672 -0.692002 0.432036
471.910626 -0.692963 0.432092
471.920580 -0.693917 0.432147
471.930535 -0.694867 0.432180
471.940491 -0.695808 0.432259
471.950447 -0.696741 0.432316
471.960404 -0.697668 0.432372
471.970361 -0.698591 0.432407
471.980320 -0.699503 0.432485
471.990278 -0.700409 0.432541
472.000238 -0.701310 0.432576
472.010198 -0.702201 0.432654
472.020159 -0.703085 0.432690
472.030120 -0.703965 0.432767
472.040082 -0.704834 0.432822
472.050045 -0.705698 0.432859
472.060008 -0.706553 0.432935
472.069972 -0.707402 0.432971
472.079937 -0.708241 0.433046
472.089902 -0.709075 0.433083
472.099868 -0.709899 0.433139
472.109834 -0.710718 0.433212
472.119802 -0.711526 0.433250
472.129769 -0.712329 0.433322
472.139738 -0.713124 0.433360
472.149707 -0.713909 0.433415
472.159676 -0.714688 0.433485
472.169647 -0.715459 0.433524
472.179618 -0.716222 0.433578
472.189589 -0.716975 0.433632
472.199561 -0.717721 0.433700
472.209534 -0.718460 0.433738
472.219507 -0.719190 0.433791
472.229481 -0.719909 0.433844
472.239456 -0.720623 0.433896
472.249431 -0.721328 0.433948
472.259407 -0.722024 0.434000
472.269383 -0.722712 0.434063
472.279360 -0.723392 0.434102
472.289337 -0.724063 0.434152
472.299315 -0.724725 0.434202
472.309294 -0.725379 0.434251
472.319273 -0.726024 0.434300
472.329253 -0.726660 0.434349
472.339233 -0.727287 0.434397
472.349214 -0.727906 0.434445
472.359195 -0.728515 0.434492
472.369177 -0.729116 0.434530
472.379160 -0.729708 0.434585
472.389143 -0.730291 0.434631
472.399126 -0.730865 0.434676
472.409110 -0.731432 0.434721
472.419095 -0.731987 0.434765
472.429080 -0.732534 0.434800
472.439065 -0.733071 0.434851
472.449051 -0.733600 0.434894
472.459038 -0.734120 0.434935
472.469025 -0.734630 0.434976
472.479012 -0.735131 0.435011
472.489000 -0.735622 0.435057
472.498989 -0.736106 0.435096
472.508977 -0.736578 0.435129
472.518967 -0.737041 0.435173
472.528956 -0.737497 0.435210
472.538946 -0.737941 0.435242
472.548937 -0.738376 0.435283
472.558928 -0.738803 0.435318
472.568919 -0.739218 0.435348
472.578911 -0.739626 0.435387
472.588903 -0.740023 0.435416
472.598896 -0.740410 0.435452
472.608888 -0.740788 0.435481
472.618882 -0.741156 0.435515
472.628875 -0.741515 0.435542
472.638869 -0.741864 0.435575
472.648863 -0.742203 0.435601
472.658858 -0.742532 0.435632
472.668853 -0.742853 0.435656
472.678848 -0.743162 0.435685
472.688843 -0.743463 0.435709
472.698839 -0.743752 0.435736
472.708835 -0.744033 0.435758
472.718832 -0.744303 0.435783
472.728828 -0.744564 0.435804
472.738825 -0.744816 0.435827
472.748822 -0.745056 0.435846
472.758819 -0.745287 0.435866
472.768817 -0.745508 0.435887
472.778815 -0.745719 0.435904
472.788813 -0.745921 0.435923
472.798811 -0.746111 0.435938
472.808809 -0.746293 0.435954
472.818808 -0.746464 0.435970
472.828807 -0.746625 0.435983
472.838805 -0.746776 0.435997
472.848804 -0.746917 0.436009
472.858804 -0.747048 0.436020
472.868803 -0.747169 0.436031
472.878802 -0.747280 0.436041
472.888802 -0.747381 0.436050
472.898801 -0.747471 0.436058
472.908801 -0.747552 0.436065
472.918801 -0.747623 0.436071
472.928801 -0.747683 0.436076
472.938800 -0.747733 0.436081
472.948800 -0.747774 0.436084
472.958800 -0.747804 0.436087
472.968800 -0.747824 0.436089
472.978800 -0.747834 0.436090
472.988800 -0.747834 0.436090
472.998800 -0.747824 0.436089
473.008800 -0.747804 0.436087
473.018800 -0.747775 0.436085
473.028800 -0.747736 0.436081
473.038800 -0.747687 0.436077
473.048800 -0.747628 0.436072
473.058800 -0.747559 0.436066
473.068799 -0.747481 0.436060
473.078799 -0.747393 0.436052
473.088798 -0.747295 0.436044
473.098798 -0.747188 0.436035
473.108797 -0.747070 0.436025
473.118796 -0.746943 0.436014
473.128795 -0.746807 0.436002
473.138794 -0.746660 0.435990
473.148793 -0.746504 0.435977
473.158792 -0.746338 0.435962
473.168790 -0.746162 0.435948
473.178789 -0.745978 0.435933
473.188787 -0.745782 0.435915
473.198785 -0.745578 0.435899
473.208782 -0.745364 0.435880
473.218780 -0.745140 0.435861
473.228777 -0.744907 0.435843
473.238774 -0.744663 0.435821
473.248771 -0.744410 0.435802
473.258767 -0.744148 0.435778
473.268764 -0.743876 0.435758
473.278760 -0.743596 0.435732
473.288756 -0.743304 0.435708
473.298751 -0.743004 0.435685
473.308746 -0.742694 0.435657
473.318741 -0.742375 0.435633
473.328736 -0.742046 0.435603
473.338730 -0.741709 0.435579
473.348724 -0.741360 0.435547
473.358718 -0.741004 0.435521
473.368711 -0.740637 0.435492
473.378704 -0.740262 0.435457
473.388696 -0.739876 0.435430
473.398689 -0.739483 0.435393
473.408681 -0.739080 0.435365
473.418672 -0.738666 0.435328
473.428663 -0.738245 0.435298
473.438654 -0.737813 0.435264
473.448644 -0.737373 0.435223
473.458634 -0.736924 0.435193
473.468623 -0.736465 0.435157
473.478613 -0.735998 0.435114
473.488601 -0.735522 0.435082
473.498589 -0.735035 0.435044
473.508577 -0.734541 0.434999
473.518564 -0.734037 0.434966
473.528551 -0.733525 0.434926
473.538538 -0.733003 0.434885
473.548524 -0.732473 0.434845
473.558509 -0.731934 0.434795
473.568494 -0.731386 0.434761
473.578479 -0.730830 0.434719
473.588463 -0.730263 0.434676
473.598446 -0.729689 0.434632
473.608429 -0.729107 0.434588
473.618412 -0.728516 0.434543
473.628394 -0.727916 0.434489
473.638375 -0.727307 0.434453
473.648356 -0.726691 0.434407
473.658336 -0.726065 0.434361
473.668316 -0.725431 0.434314
473.678296 -0.724789 0.434267
473.688274 -0.724138 0.434220
473.698253 -0.723479 0.434172
473.708230 -0.722812 0.434123
473.718208 -0.722136 0.434075
473.728184 -0.721452 0.434038
473.738160 -0.720760 0.433976
473.748136 -0.720060 0.433927
473.758111 -0.719352 0.433877
473.768085 -0.718637 0.433827
473.778059 -0.717913 0.433776
473.788032 -0.717180 0.433739
473.798004 -0.716440 0.433674
473.807976 -0.715692 0.433622
473.817948 -0.714938 0.433571
473.827919 -0.714174 0.433534
473.837889 -0.713402 0.433467
473.847859 -0.712625 0.433415
473.857828 -0.711838 0.433378
473.867796 -0.711043 0.433309
473.877764 -0.710243 0.433256
473.887731 -0.709434 0.433221
473.897698 -0.708616 0.433150
473.907664 -0.707794 0.433115
473.917629 -0.706962 0.433043
473.927594 -0.706125 0.433008
473.937558 -0.705278 0.432936
473.947522 -0.704427 0.432902
473.957485 -0.703565 0.432829
473.967447 -0.702700 0.432795
473.977409 -0.701824 0.432721
473.987370 -0.700945 0.432688
473.997331 -0.700058 0.432613
474.007290 -0.699161 0.432580
474.017250 -0.698261 0.432527
474.027209 -0.697354 0.432451
474.037166 -0.696437 0.432419
474.047124 -0.695516 0.432366
474.057081 -0.694588 0.432312
474.067037 -0.693655 0.432236
474.076992 -0.692711 0.432205
474.086947 -0.691764 0.432152
474.096902 -0.690811 0.432099
474.106856 -0.689851 0.432046
474.116809 -0.688885 0.431993
474.126761 -0.687909 0.431915
474.136713 -0.686931 0.431888
474.146665 -0.685946 0.431835
474.156615 -0.684955 0.431783
474.166566 -0.683958 0.431731
474.176515 -0.682956 0.431679
474.186464 -0.681947 0.431627
474.196413 -0.680932 0.431575
474.206360 -0.679912 0.431525
474.216308 -0.678886 0.431473
474.226254 -0.677854 0.431423
474.236200 -0.676817 0.431372
474.246146 -0.675774 0.431351
474.256091 -0.674729 0.431272
474.266035 -0.673675 0.431223
474.275979 -0.672616 0.431173
474.285922 -0.671551 0.431124
474.295865 -0.670482 0.431076
474.305807 -0.669407 0.431058
474.315749 -0.668330 0.430980
474.325690 -0.667245 0.430932
474.335630 -0.666155 0.430885
474.345570 -0.665063 0.430870
474.355510 -0.663963 0.430792
474.365449 -0.662859 0.430746
474.375387 -0.661749 0.430733
474.385325 -0.660639 0.430656
474.395262 -0.659520 0.430611
474.405199 -0.658400 0.430600
474.415136 -0.657273 0.430523
474.425071 -0.656141 0.430514
474.435007 -0.655008 0.430437
474.444942 -0.653867 0.430429
474.454876 -0.652726 0.430354
474.464810 -0.651577 0.430347
474.474744 -0.650427 0.430272
474.484677 -0.649270 0.430267
474.494609 -0.648112 0.430192
474.504541 -0.646947 0.430188
474.514473 -0.645782 0.430115
474.524404 -0.644610 0.430112
474.534335 -0.643437 0.430040
474.544266 -0.642261 0.430039
474.554196 -0.641078 0.430003
474.564125 -0.639895 0.429931
474.574055 -0.638708 0.429934
474.583983 -0.637515 0.429899
474.593912 -0.636322 0.429829
474.603840 -0.635126 0.429833
474.613768 -0.633923 0.429801
474.623695 -0.632720 0.429732
474.633622 -0.631515 0.429739
474.643548 -0.630303 0.429708
474.653475 -0.629092 0.429640
474.663401 -0.627878 0.429651
474.673327 -0.626662 0.429622
474.683252 -0.625439 0.429594
474.693177 -0.624217 0.429568
474.703101 -0.622993 0.429503
474.713026 -0.621766 0.429517
474.722950 -0.620537 0.429492
474.732874 -0.619302 0.429467
474.742797 -0.618069 0.429445
474.752721 -0.616834 0.429383
474.762644 -0.615596 0.429401
474.772567 -0.614357 0.429380
474.782489 -0.613115 0.429359
474.792411 -0.611868 0.429340
474.802333 -0.610623 0.429321
474.812255 -0.609377 0.429304
474.822177 -0.608128 0.429286
474.832099 -0.606879 0.429229
474.842020 -0.605627 0.429254
474.851941 -0.604375 0.429239
474.861863 -0.603121 0.429225
474.871783 -0.601865 0.429212
474.881704 -0.600609 0.429199
474.891624 -0.599347 0.429186
474.901544 -0.598089 0.429176
474.911465 -0.596829 0.429167
474.921385 -0.595569 0.429157
474.931305 -0.594308 0.429148
474.941225 -0.593046 0.429140
474.951145 -0.591783 0.429134
474.961065 -0.590520 0.429085
474.970985 -0.589256 0.429122
474.980905 -0.587991 0.429117
474.990824 -0.586727 0.429113
475.000744 -0.585462 0.429111
475.010664 -0.584197 0.429108
475.020583 -0.582931 0.429108
475.030503 -0.581666 0.429107
475.040422 -0.580401 0.429107
475.050342 -0.579135 0.429108
475.060262 -0.577870 0.429110
475.070181 -0.576601 0.429111
475.080101 -0.575336 0.429116
475.090020 -0.574072 0.429121
475.099940 -0.572808 0.429125
475.109860 -0.571544 0.429131
475.119780 -0.570282 0.429138
475.129700 -0.569019 0.429146
475.139620 -0.567758 0.429154
475.149540 -0.566497 0.429163
475.159461 -0.565237 0.429131
475.169381 -0.563978 0.429184
475.179302 -0.562720 0.429195
475.189222 -0.561464 0.429208
475.199143 -0.560208 0.429220
475.209064 -0.558953 0.429234
475.218985 -0.557696 0.429248
475.228906 -0.556445 0.429264
475.238828 -0.555194 0.429280
475.248749 -0.553946 0.429297
475.258671 -0.552698 0.429274
475.268593 -0.551453 0.429334
475.278516 -0.550209 0.429353
475.288438 -0.548967 0.429373
475.298361 -0.547723 0.429393
475.308284 -0.546485 0.429414
475.318207 -0.545249 0.429438
475.328131 -0.544015 0.429420
475.338054 -0.542783 0.429484
475.347978 -0.541553 0.429508
475.357902 -0.540322 0.429533
475.367827 -0.539097 0.429559
475.377752 -0.537875 0.429546
475.387677 -0.536655 0.429613
475.397603 -0.535437 0.429641
475.407528 -0.534219 0.429669
475.417455 -0.533007 0.429660
475.427381 -0.531798 0.429728
475.437308 -0.530588 0.429758
475.447235 -0.529384 0.429790
475.457163 -0.528184 0.429784
475.467091 -0.526987 0.429855
475.477019 -0.525789 0.429887
475.486948 -0.524598 0.429884
475.496877 -0.523410 0.429956
475.506806 -0.522222 0.429954
475.516736 -0.521042 0.430027
475.526666 -0.519861 0.430063
475.536597 -0.518687 0.430064
475.546528 -0.517517 0.430138
475.556460 -0.516347 0.430139
475.566392 -0.515184 0.430214
475.576324 -0.514022 0.430218
475.586257 -0.512867 0.430293
475.596190 -0.511712 0.430298
475.606124 -0.510566 0.430374
475.616058 -0.509419 0.430380
475.625993 -0.508281 0.430457
475.635928 -0.507143 0.430465
475.645864 -0.506009 0.430542
475.655801 -0.504884 0.430552
475.665737 -0.503759 0.430595
475.675675 -0.502642 0.430673
475.685612 -0.501527 0.430684
475.695550 -0.500416 0.430763
475.705489 -0.499313 0.430776
475.715429 -0.498211 0.430822
475.725368 -0.497115 0.430868
475.735309 -0.496026 0.430947
475.745250 -0.494940 0.430963
475.755191 -0.493858 0.431011
475.765133 -0.492781 0.431059
475.775076 -0.491710 0.431138
475.785019 -0.490647 0.431156
475.794963 -0.489586 0.431205
475.804907 -0.488530 0.431255
475.814851 -0.487480 0.431305
475.824797 -0.486435 0.431355
475.834742 -0.485396 0.431405
475.844689 -0.484363 0.431456
475.854636 -0.483335 0.431507
475.864584 -0.482312 0.431586
475.874532 -0.481299 0.431637
475.884481 -0.480288 0.431634
475.894430 -0.479280 0.431713
475.904380 -0.478282 0.431765
475.914331 -0.477289 0.431817
475.924282 -0.476302 0.431870
475.934234 -0.475321 0.431922
475.944186 -0.474347 0.431975
475.954139 -0.473379 0.432028
475.964093 -0.472417 0.432081
475.974047 -0.471461 0.432134
475.984002 -0.470509 0.432163
475.993957 -0.469566 0.432241
476.003913 -0.468630 0.432294
476.013870 -0.467701 0.432347
476.023827 -0.466775 0.432379
476.033785 -0.465858 0.432455
476.043743 -0.464949 0.432508
476.053702 -0.464043 0.432540
476.063662 -0.463147 0.432616
476.073622 -0.462258 0.432669
476.083583 -0.461373 0.432702
476.093545 -0.460498 0.432777
476.103507 -0.459628 0.432810
476.113470 -0.458767 0.432884
476.123433 -0.457913 0.432918
476.133397 -0.457064 0.432990
476.143362 -0.456222 0.433025
476.153327 -0.455390 0.433097
476.163293 -0.454562 0.433132
476.173259 -0.453745 0.433203
476.183226 -0.452933 0.433238
476.193194 -0.452130 0.433291
476.203162 -0.451333 0.433360
476.213131 -0.450543 0.433397
476.223101 -0.449764 0.433449
476.233070 -0.448989 0.433517
476.243041 -0.448223 0.433553
476.253012 -0.447464 0.433605
476.262984 -0.446715 0.433657
476.272957 -0.445972 0.433722
476.282929 -0.445237 0.433758
476.292903 -0.444510 0.433809
476.302877 -0.443791 0.433860
476.312852 -0.443082 0.433910
476.322827 -0.442379 0.433960
476.332803 -0.441684 0.434009
476.342780 -0.440998 0.434070
476.352757 -0.440319 0.434107
476.362734 -0.439649 0.434155
476.372712 -0.438987 0.434203
476.382691 -0.438334 0.434251
476.392670 -0.437689 0.434298
476.402650 -0.437052 0.434345
476.412630 -0.436424 0.434392
476.422611 -0.435804 0.434438
476.432592 -0.435193 0.434473
476.442574 -0.434590 0.434528
476.452556 -0.433996 0.434573
476.462539 -0.433411 0.434617
476.472522 -0.432834 0.434661
476.482506 -0.432264 0.434704
476.492490 -0.431705 0.434747
476.502475 -0.431154 0.434781
476.512461 -0.430613 0.434831
476.522446 -0.430080 0.434872
476.532433 -0.429554 0.434913
476.542419 -0.429039 0.434952
476.552406 -0.428533 0.434985
476.562394 -0.428036 0.435031
476.572382 -0.427546 0.435069
476.582371 -0.427067 0.435101
476.592359 -0.426596 0.435144
476.602349 -0.426134 0.435181
476.612339 -0.425682 0.435212
476.622329 -0.425239 0.435252
476.632319 -0.424804 0.435287
476.642310 -0.424380 0.435316
476.652302 -0.423964 0.435354
476.662293 -0.423557 0.435383
476.672285 -0.423160 0.435419
476.682278 -0.422772 0.435450
476.692271 -0.422393 0.435477
476.702264 -0.422023 0.435511
476.712257 -0.421664 0.435537
476.722251 -0.421313 0.435569
476.732245 -0.420972 0.435594
476.742240 -0.420639 0.435624
476.752235 -0.420317 0.435648
476.762230 -0.420004 0.435677
476.772225 -0.419701 0.435699
476.782221 -0.419407 0.435726
476.792217 -0.419123 0.435748
476.802213 -0.418847 0.435771
476.812210 -0.418582 0.435795
476.822206 -0.418326 0.435814
476.832203 -0.418080 0.435836
476.842200 -0.417843 0.435855
476.852198 -0.417616 0.435875
476.862196 -0.417399 0.435892
476.872193 -0.417191 0.435910
476.882191 -0.416993 0.435927
476.892190 -0.416804 0.435942
476.902188 -0.416625 0.435957
476.912187 -0.416457 0.435973
476.922185 -0.416297 0.435985
476.932184 -0.416147 0.435999
476.942183 -0.416007 0.436010
476.952182 -0.415877 0.436021
476.962182 -0.415756 0.436032
476.972181 -0.415646 0.436041
476.982181 -0.415544 0.436049
476.992180 -0.415453 0.436057
477.002180 -0.415372 0.436064
477.012180 -0.415300 0.436070
477.022179 -0.415238 0.436076
477.032179 -0.415186 0.436080
477.042179 -0.415143 0.436084
477.052179 -0.415110 0.436086
477.062179 -0.415088 0.436088
477.072179 -0.415074 0.436089
