99.926	 -90	8.8491	1
99.926	 -90	3.347	1
99.926	 -90	1.2457	1
99.926	 -90	0.7411	1
99.926	 -90	0.5472	1
99.926	 -90	0.4641	1
99.906	-90	0.4129	1.0003
99.885	-90	0.4129	1.0006
99.865	-90	0.4128	1.001
99.824	-90	0.4127	1.0016
99.797	-90	0.4126	1.002
99.77	-90	0.4124	1.0023
99.716	-90	0.4121	1.0031
99.689	-90	0.4119	1.0035
99.662	-90	0.4118	1.0038
99.608	-90	0.4114	1.0046
99.581	-90	0.4113	1.0049
99.554	-90	0.4111	1.0053
99.466	-90	0.4107	1.006
99.422	-90	0.4105	1.0064
99.291	-90	0.4099	1.0074
99.247	-90	0.4097	1.0078
99.203	-90	0.4096	1.0081
99.115	-90	0.4092	1.0088
99.055	-90	0.4089	1.0092
98.995	-90	0.4086	1.0096
98.874	-90	0.4081	1.0103
98.814	-90	0.4078	1.0106
96.914	-90	0.3991	1.0207
96.821	-89.999	0.3987	1.0213
96.448	-89.996	0.3969	1.0237
96.354	-89.996	0.3965	1.0243
96.168	-89.994	0.3956	1.0255
96.074	-89.994	0.3952	1.0261
95.787		-89.979	0.3939	1.0278
95.592		-89.965	0.393	1.029
95.495		-89.958	0.3925	1.0296
95.301		-89.944	0.3916	1.0308
95.204		-89.937	0.3912	1.0314
95.009		-89.923	0.3903	1.0326
94.912	 -89.916	0.3899	1.0332
94.718		-89.903	0.389	1.0345
94.62		-89.896	0.3886	1.0352
94.426		-89.882	0.3877	1.0365
94.329		-89.875	0.3873	1.0371
94.134		-89.862	0.3864	1.0384
94.037		-89.855	0.386	1.0391
93.848		-89.845	0.3851	1.0404
93.754		-89.84	0.3846	1.041
93.565		-89.83	0.3837	1.0423
93.47		-89.825	0.3832	1.043
93.281		-89.815	0.3823	1.0443
93.187		-89.81	0.3819	1.0449
93.003		-89.799	0.381	1.0463
92.913		-89.793	0.3806	1.0471
92.735		-89.781	0.3797	1.0486
92.645		-89.775	0.3793	1.0493
92.467		-89.763	0.3785	1.0508
92.377		-89.757	0.378	1.0516
92.198		-89.744	0.3772	1.0531
92.116		-89.729	0.3768	1.0539
91.951		-89.698	0.376	1.0554
91.869		-89.682	0.3756	1.0561
91.704		-89.651	0.3748	1.0576
91.622		-89.636	0.3744	1.0584
91.457	 -89.605	0.3736	1.0598
91.374		-89.589	0.3732	1.0606
91.226		-89.557	0.3726	1.0617
91.152		-89.541	0.3723	1.0623
91.003		-89.509	0.3716	1.0634
90.929	 -89.493	0.3713	1.0639
90.781		-89.461	0.3706	1.065
90.706		-89.445	0.3703	1.0656
90.567		-89.408	0.3697	1.0667
90.501		-89.387	0.3694	1.0673
90.37		-89.345	0.3687	1.0684
90.305		-89.324	0.3684	1.0689
90.174		-89.282	0.3678	1.07
90.108	 -89.261	0.3675	1.0706
89.978		-89.219	0.3669	1.0717
89.921		-89.196	0.3665	1.0722
89.807		-89.15	0.3658	1.0733
89.751		-89.127	0.3654	1.0738
89.637		-89.082	0.3647	1.0749
89.581		-89.059	0.3644	1.0754
89.467		-89.013	0.3636	1.0765
89.41		-88.99	0.3633	1.077
89.314		-88.911	0.3629	1.0781
89.265		-88.872	0.3627	1.0786
89.168		-88.793	0.3623	1.0797
89.12		-88.753	0.3621	1.0802
89.023	 -88.674	0.3618	1.0813
88.974	 -88.635	0.3616	1.0819
88.885		-88.555	0.3612	1.0828
88.844		-88.514	0.361	1.0832
88.762		-88.433	0.3606	1.084
88.721		-88.392	0.3604	1.0845
88.639		-88.311	0.3601	1.0853
88.598		-88.271	0.3599	1.0857
88.516		-88.189	0.3595	1.0865
88.482		-88.139	0.3593	1.0869
88.414		-88.039	0.359	1.0876
88.38		-87.989	0.3588	1.088
88.312		-87.889	0.3584	1.0887
88.278		-87.839	0.3582	1.0891
88.209	 -87.739	0.3579	1.0899
88.175		-87.689	0.3577	1.0902
88.12		-87.585	0.3575	1.0904
88.092		-87.534	0.3574	1.0905
88.036		-87.43	0.3571	1.0907
88.008	 -87.378	0.357	1.0908
87.952		-87.275	0.3568	1.091
87.924		-87.223	0.3567	1.0911
87.874		-87.103	0.3565	1.0913
87.851		-87.036	0.3564	1.0914
87.806		-86.901	0.3561	1.0916
87.784		-86.833	0.356	1.0917
87.739		-86.698	0.3558	1.0919
87.716		-86.63	0.3557	1.092
87.671		-86.495	0.3555	1.0923
87.654		-86.426	0.3553	1.0924
87.619		-86.288	0.3551	1.0928
87.601		-86.219	0.355	1.093
87.566		-86.081	0.3548	1.0933
87.549		-86.011	0.3547	1.0935
87.514		-85.873	0.3545	1.0938
87.497		-85.803	0.3544	1.094
87.473		-85.637	0.3542	1.0943
87.46		-85.554	0.3541	1.0945
87.436		-85.388	0.354	1.0948
87.424		-85.305	0.3539	1.095
87.4		-85.138	0.3538	1.0953
87.388		-85.055	0.3537	1.0955
87.376		-84.971	0.3537	1.0956
87.364		-84.801	0.3535	1.0958
87.358		-84.716	0.3535	1.0958
87.346		-84.545	0.3533	1.096
87.34		-84.459	0.3533	1.096
87.334		-84.373	0.3532	1.0961
87.321		-84.202	0.3531	1.0963
87.316		-84.114	0.353	1.0963
87.317		-84.007	0.353	1.0964
87.318		-83.793	0.3529	1.0965
87.319		-83.686	0.3528	1.0966
87.32		-83.471	0.3527	1.0967
87.321		-83.363	0.3526	1.0968
87.324		-83.04	0.3525	1.097
87.339		-82.825	0.3525	1.0972
87.363		-82.502	0.3526	1.0975
87.371		-82.394	0.3526	1.0976
87.395		-82.068	0.3527	1.0979
87.419		-81.847	0.3528	1.0981
87.465		-81.51	0.3528	1.0983
87.48		-81.397	0.3529	1.0984
87.526		-81.058	0.3529	1.0987
87.559	 -80.831	0.353	1.0989
87.581		-80.718	0.353	1.0989
87.626		-80.492	0.3531	1.0991
87.649		-80.379	0.3531	1.0991
87.694		-80.152	0.3532	1.0993
87.717		-80.038	0.3532	1.0993
87.762		-79.81	0.3533	1.0995
87.786		-79.694	0.3534	1.0996
87.845		-79.457	0.3536	1.0997
87.874		-79.338	0.3537	1.0998
87.933		-79.099	0.354	1.0999
87.963		-78.979	0.3541	1.1
88.022		-78.739	0.3544	1.1002
88.052		-78.618	0.3545	1.1002
88.155		-78.256	0.3549	1.1006
88.227		-78.013	0.3551	1.1009
88.264		-77.892	0.3553	1.101
88.336		-77.647	0.3555	1.1013
88.373		-77.525	0.3557	1.1015
88.448		-77.275	0.3559	1.1017
88.49		-77.136	0.356	1.1019
88.575		-76.857	0.3563	1.1021
88.617		-76.717	0.3564	1.1023
88.703		-76.435	0.3567	1.1025
88.746		-76.294	0.3568	1.1027
88.832		-76.01	0.3571	1.1029
88.877		-75.87	0.3572	1.1031
88.973		-75.596	0.3575	1.1034
89.022		-75.459	0.3576	1.1035
89.119		-75.182	0.3579	1.1038
89.266		-74.765	0.3583	1.1043
89.316		-74.625	0.3584	1.1044
89.42		-74.377	0.3587	1.1047
89.474		-74.26	0.3589	1.1049
89.582		-74.025	0.3591	1.1052
89.637		-73.907	0.3593	1.1054
89.746		-73.67	0.3596	1.1057
89.801		-73.551	0.3597	1.1058
89.912		-73.311	0.36	1.1062
89.97		-73.191	0.3601	1.1065
90.087		-72.948	0.3604	1.1071
90.146		-72.826	0.3605	1.1074
90.323		-72.458	0.3609	1.1083
90.443		-72.21	0.3612	1.1089
90.503		-72.072	0.3614	1.1092
90.626		-71.754	0.3617	1.1099
90.688		-71.594	0.3618	1.1102
90.813		-71.273	0.3621	1.1108
90.875		-71.112	0.3623	1.1111
91.001		-70.787	0.3626	1.1117
91.064	 -70.624	0.3628	1.1121
91.19		-70.306	0.3631	1.1129
91.381		-69.83	0.3635	1.1141
91.445		-69.671	0.3637	1.1146
91.573		-69.349	0.364	1.1154
91.638		-69.187	0.3642	1.1158
91.766		-68.87	0.3645	1.1167
91.829		-68.721	0.3646	1.1171
91.954		-68.423	0.3649	1.1179
92.016		-68.272	0.3651	1.1183
92.143		-67.97	0.3654	1.1191
92.207		-67.818	0.3655	1.1195
92.335		-67.512	0.3659	1.1203
92.396		-67.36	0.366	1.1207
92.515		-67.058	0.3662	1.1214
92.575		-66.905	0.3664	1.1217
92.757		-66.445	0.3667	1.1228
92.88		-66.135	0.3669	1.1235
92.941		-65.978	0.3671	1.1239
93.056	 -65.638	0.3673	1.1246
93.113		-65.464	0.3674	1.1249
93.227		-65.114	0.3677	1.1257
93.285		-64.938	0.3678	1.126
93.401		-64.583	0.368	1.1267
93.459		-64.405	0.3681	1.1271
93.574		-64.048	0.3684	1.1278
93.629	 -63.871	0.3685	1.1282
93.741		-63.514	0.3687	1.1289
93.797		-63.335	0.3688	1.1293
93.91		-62.974	0.3691	1.1301
93.967		-62.791	0.3692	1.1305
94.082		-62.425	0.3694	1.1312
94.139		-62.219	0.3695	1.1316
94.253		-61.794	0.3696	1.1324
94.311		-61.579	0.3697	1.1328
94.427		-61.147	0.3698	1.1337
94.485		-60.93	0.3699	1.1342
94.603		-60.491	0.37	1.135
94.663		-60.27	0.3701	1.1355
94.786		-59.848	0.3702	1.1372
94.849		-59.636	0.3702	1.1381
94.975		-59.209	0.3703	1.1399
95.102		-58.777	0.3705	1.1418
95.166		-58.56	0.3705	1.1427
95.295	 -58.121	0.3706	1.1445
95.366		-57.921	0.3707	1.1455
95.511		-57.522	0.3708	1.1474
95.584		-57.321	0.3708	1.1484
95.73		-56.915	0.371	1.1503
95.804		-56.71	0.371	1.1513
95.954		-56.298	0.3711	1.1533
96.029		-56.09	0.3712	1.1543
96.205		-55.674	0.3712	1.158
96.293		-55.464	0.3712	1.1598
96.473		-55.041	0.3712	1.1638
96.563		-54.827	0.3712	1.1658
96.745		-54.397	0.3712	1.1698
96.837		-54.179	0.3712	1.1718
97.043		-53.664	0.3713	1.1758
97.157		-53.369	0.3713	1.1778
97.386	 -52.775	0.3713	1.1819
97.501		-52.475	0.3713	1.1839
97.734		-51.869	0.3713	1.188
97.852		-51.563	0.3713	1.19
98.094		-50.948	0.3714	1.1943
98.242	 -50.655	0.3714	1.1973
98.541		-50.062	0.3714	1.2034
98.692	 -49.763	0.3714	1.2064
98.997		-49.159	0.3714	1.2126
99.152		-48.854	0.3714	1.2158
99.463		-48.236	0.3714	1.2224
99.627		-47.927	0.3714	1.2257
100.001		-47.324	0.3714	1.2321
100.19		-47.019	0.3714	1.2353
100.572		-46.403	0.3713	1.2418
100.765		-46.091	0.3713	1.2451
101.156	 -45.46	0.3714	1.2516
101.354		-45.141	0.3714	1.2549
101.78	 -44.527	0.3714	1.2631
102.002		-44.225	0.3713	1.2678
102.453		-43.614	0.3713	1.2772
102.681		-43.304	0.3713	1.2819
103.142		-42.678	0.3712	1.2914
103.376		-42.36	0.3712	1.2961
103.853		-41.736	0.3713	1.3055
104.101	 -41.455	0.3713	1.31
104.603		-40.888	0.3713	1.319
104.858		-40.601	0.3713	1.3238
105.374	 -40.019	0.3713	1.3336
105.635		-39.724	0.3712	1.3385
106.164		-39.126	0.3712	1.3484
106.43		-38.909	0.3712	1.3537
106.964		-38.655	0.3712	1.3651
107.234		-38.526	0.3712	1.3708
107.782		-38.265	0.3712	1.3824
108.059		-38.133	0.3712	1.3886
108.622		-37.865	0.3712	1.4009
108.907		-37.729	0.3712	1.407
109.453		-37.484	0.3712	1.4184
109.726		-37.365	0.3712	1.4239
110.279		-37.122	0.3712	1.435
110.559		-36.999	0.3713	1.4406
111.126		-36.749	0.3713	1.4521
111.414		-36.623	0.3713	1.4582
111.97		-36.419	0.3713	1.4696
112.223		-36.37	0.3712	1.4743
112.738		-36.271	0.3712	1.4839
112.998		-36.221	0.3712	1.4887
113.526		-36.12	0.3712	1.4983
113.793		-36.069	0.3712	1.5032
114.062		-36.017	0.3713	1.508
114.334		-35.965	0.3713	1.5129
114.558		-35.916	0.3713	1.5174
114.764		-35.868	0.3713	1.5219
114.972		-35.82	0.3713	1.5267
115.182		-35.771	0.3712	1.5314
115.393		-35.722	0.3712	1.5362
115.606		-35.673	0.3712	1.541
115.821		-35.623	0.3712	1.5458
116.037		-35.573	0.3712	1.5506
116.256		-35.522	0.3712	1.5555
116.476		-35.471	0.3712	1.5604
116.476		-35.471	0.3712	1.5604
116.64		-35.43	0.3712	1.5643
116.791		-35.39	0.3712	1.5679
116.942		-35.351	0.3712	1.5715
117.094		-35.311	0.3712	1.5752
117.248		-35.271	0.3713	1.5789
117.403		-35.231	0.3713	1.5825
117.559		-35.19	0.3713	1.5862
117.716		-35.149	0.3713	1.5899
117.874		-35.108	0.3714	1.5937
118.033		-35.067	0.3714	1.5974
118.168		-35.028	0.3714	1.601
118.298		-34.99	0.3714	1.6048
118.429		-34.951	0.3714	1.6085
118.561		-34.913	0.3714	1.6123
118.694		-34.874	0.3714	1.6162
118.828		-34.834	0.3714	1.62
118.963		-34.795	0.3714	1.6238
119.099		-34.755	0.3714	1.6277
119.235		-34.715	0.3714	1.6316
119.373		-34.674	0.3714	1.6355
119.507		-34.644	0.3714	1.6389
119.64		-34.614	0.3715	1.6422
119.775		-34.585	0.3715	1.6456
119.911	 -34.555	0.3715	1.6489
120.047		-34.525	0.3716	1.6523
120.184		-34.495	0.3716	1.6557
120.323		-34.464	0.3717	1.6591
120.462		-34.434	0.3717	1.6625
120.602		-34.403	0.3718	1.6659
120.743		-34.372	0.3718	1.6693
120.851		-34.343	0.3719	1.6721
120.958		-34.315	0.3719	1.6748
121.066		-34.286	0.372	1.6775
121.174		-34.257	0.372	1.6803
121.283		-34.228	0.3721	1.6833
121.393	 -34.199	0.3721	1.6863
121.503		-34.17	0.3721	1.6893
121.614		-34.14	0.3721	1.6923
121.726		-34.11	0.3722	1.6954
121.838	 -34.08	0.3722	1.6984
121.891		-34.061	0.3722	1.6998
121.944		-34.041	0.3723	1.7011
121.998		-34.021	0.3723	1.7024
122.051		-34.001	0.3723	1.7038
122.105	 -33.981	0.3724	1.7051
122.159		-33.961	0.3724	1.7065
122.213	 -33.941	0.3724	1.7078
122.268		-33.921	0.3725	1.7092
122.323		-33.9	0.3725	1.7107
122.377		-33.879	0.3725	1.7121
122.397		-33.86	0.3725	1.7133
122.417		-33.841	0.3725	1.7146
122.437		-33.822	0.3725	1.7159
122.457		-33.803	0.3725	1.7172
122.477		-33.783	0.3725	1.7185
122.497		-33.764	0.3725	1.7198
122.518	 -33.744	0.3725	1.7211
122.538		-33.724	0.3725	1.7224
122.559		-33.704	0.3725	1.7238
122.579		-33.685	0.3725	1.7251
122.592		-33.67	0.3725	1.7258
122.606		-33.656	0.3726	1.7265
122.619		-33.642	0.3726	1.7273
122.632		-33.627	0.3726	1.728
122.646		-33.613	0.3726	1.7288
122.66		-33.598	0.3726	1.7296
122.673		-33.583	0.3726	1.7304
122.687		-33.569	0.3726	1.7311
122.701		-33.554	0.3726	1.7319
122.714		-33.54	0.3726	1.7327
122.723		-33.53	0.3726	1.7335
122.732		-33.52	0.3726	1.7342
122.742		-33.511	0.3726	1.7349
122.751		-33.501	0.3726	1.7357
122.76		-33.491	0.3726	1.7364
122.769		-33.482	0.3725	1.7372
122.779		-33.472	0.3725	1.7379
122.788		-33.462	0.3725	1.7387
122.798		-33.452	0.3725	1.7394
122.806		-33.447	0.3725	1.7401
122.809	 -33.473	0.3725	1.7405
122.812		-33.5	0.3725	1.7408
122.815		-33.526	0.3725	1.7412
122.819		-33.553	0.3725	1.7416
122.822		-33.58	0.3724	1.7419
122.825		-33.607	0.3724	1.7423
122.828		-33.634	0.3724	1.7427
122.831		-33.661	0.3724	1.743
122.834	 -33.688	0.3724	1.7434
122.841		-33.716	0.3723	1.7455
122.841		-33.716	0.5272	1.7455
